2	240	60	1
2	203	23	1
2	104	44	1
2	291	51	4
2	285	45	5
2	274	34	7
2	177	57	7
1	234	54	10
2	38	38	11
2	195	15	15
2	128	8	15
2	294	54	15
2	23	23	17
2	131	11	20
2	151	31	22
2	187	7	23
2	96	36	24
2	76	16	25
2	28	28	27
2	102	42	27
2	79	19	30
2	288	48	30
2	243	3	30
2	213	33	31
2	55	55	32
2	354	14	32
1	228	48	33
2	210	30	33
2	293	53	33
2	14	14	35
2	3	3	35
2	191	11	39
2	296	56	41
2	87	27	43
2	238	58	45
2	113	53	45
2	209	29	45
2	10	10	50
1	252	12	51
2	118	58	51
2	74	14	52
2	82	22	53
2	72	12	54
2	172	52	55
1	11	11	55
2	173	53	57
2	90	30	60
2	138	18	60
2	213	33	62
2	34	34	63
2	36	36	64
2	101	41	65
2	210	30	67
2	36	36	67
2	466	43	67
2	166	46	68
2	219	39	69
2	75	15	69
2	178	58	70
2	206	26	71
2	65	5	71
2	35	35	72
2	219	39	74
2	269	29	75
2	237	57	77
2	126	6	77
2	171	51	78
2	289	49	78
2	115	55	78
2	247	7	79
2	50	50	80
2	5	5	80
2	162	42	82
2	165	45	82
2	41	41	83
2	140	20	85
2	69	9	86
2	264	24	86
1	4	4	88
2	108	48	90
2	59	59	93
1	273	33	94
2	65	5	96
2	426	34	97
2	137	17	102
2	295	55	103
2	277	37	107
2	280	40	107
1	172	52	107
2	208	28	109
2	271	31	109
2	80	20	110
2	480	56	110
2	91	31	111
2	105	45	115
2	190	10	115
2	127	7	116
2	300	60	118
2	406	5	119
2	298	58	120
2	195	15	121
2	256	16	121
2	35	35	122
2	224	44	123
2	106	46	123
2	207	27	125
2	96	36	125
2	21	21	127
2	124	4	127
2	126	6	127
2	246	6	127
2	195	15	129
2	258	18	129
2	43	43	132
2	155	35	133
2	280	40	134
2	221	41	139
2	231	51	141
2	238	58	144
2	42	42	144
2	447	47	149
2	134	14	151
2	195	15	152
2	49	49	154
2	55	55	154
2	164	44	157
2	8	8	157
2	180	60	160
2	14	14	160
2	139	19	160
2	89	29	161
2	198	18	161
2	146	26	162
1	204	24	164
2	170	50	165
2	8	8	166
2	243	3	167
2	8	8	169
2	66	6	170
1	1	1	171
2	174	54	172
2	222	42	172
2	8	8	175
2	105	45	179
2	61	1	181
1	62	2	181
2	72	12	182
2	170	50	184
2	136	16	185
2	40	40	186
2	278	38	186
2	208	28	187
2	245	5	187
2	16	16	188
2	248	8	188
2	241	1	189
2	45	45	190
2	139	19	190
2	200	20	190
2	421	4	191
2	237	57	191
2	212	32	191
2	208	28	192
2	154	34	192
2	202	22	192
2	232	52	193
2	281	41	195
2	32	32	196
2	2	2	196
2	117	57	196
1	60	60	197
1	44	44	199
2	265	25	199
2	155	35	200
2	170	50	202
2	151	31	202
2	110	50	203
2	70	10	205
2	235	55	206
2	38	38	207
2	240	60	213
2	229	49	213
2	35	35	214
2	190	10	215
2	293	53	217
2	87	27	217
2	257	17	217
2	267	27	218
2	179	59	221
2	242	2	223
2	149	29	223
2	466	43	223
2	236	56	227
1	164	44	228
2	77	17	229
2	206	26	231
2	211	31	233
2	209	29	233
2	244	4	233
2	133	13	234
2	6	6	234
2	168	48	234
2	155	35	236
2	213	33	237
2	65	5	237
2	139	19	237
2	277	37	238
2	261	21	238
2	190	10	239
2	198	18	239
2	130	10	239
1	116	56	240
2	155	35	241
2	248	8	241
2	96	36	242
2	128	8	243
2	233	53	244
2	70	10	245
2	103	43	245
2	241	1	246
2	217	37	246
2	496	54	246
2	237	57	246
2	130	10	247
2	79	19	247
2	190	10	250
2	47	47	250
2	68	8	250
2	108	48	251
2	267	27	252
2	105	45	253
2	53	53	253
1	94	34	254
2	38	38	254
2	31	31	254
2	248	8	255
2	88	28	257
2	165	45	258
2	13	13	259
2	87	27	259
2	220	40	259
2	18	18	259
2	207	27	260
2	126	6	261
2	196	16	262
1	272	32	266
2	131	11	266
2	135	15	266
2	202	22	267
2	130	10	267
2	174	54	267
2	112	52	269
2	174	54	269
2	591	18	271
1	287	47	271
2	109	49	272
2	80	20	274
2	80	20	274
2	156	36	276
2	177	57	278
2	261	21	278
2	244	4	279
2	213	33	279
2	416	48	281
2	127	7	281
2	2	2	282
2	177	57	282
2	130	10	282
2	110	50	282
2	9	9	284
2	97	37	285
2	285	45	285
2	243	3	286
2	480	56	286
2	70	10	287
2	150	30	287
2	70	10	287
2	109	49	288
2	223	43	288
2	523	38	289
2	140	20	289
2	56	56	290
2	189	9	291
2	191	11	292
2	58	58	293
2	21	21	294
2	19	19	296
2	43	43	297
2	117	57	297
2	201	21	297
2	129	9	298
1	142	22	299
2	188	8	300
2	120	60	301
2	235	55	301
2	26	26	301
2	3	3	304
2	95	35	305
2	261	21	305
2	277	37	307
2	43	43	308
2	247	7	308
2	288	48	309
2	17	17	311
2	286	46	312
2	21	21	312
2	14	14	314
2	10	10	315
2	33	33	315
2	127	7	319
2	68	8	321
2	39	39	325
2	189	9	326
2	124	4	327
2	100	40	329
2	100	40	330
2	84	24	330
2	227	47	330
2	7	7	330
2	244	4	341
2	159	39	341
2	496	54	342
2	145	25	342
2	140	20	343
2	274	34	343
2	151	31	343
2	240	60	345
2	90	30	346
2	237	57	347
2	8	8	348
2	20	20	349
2	141	21	349
2	32	32	351
2	15	15	352
2	163	43	352
2	9	9	354
2	227	47	354
2	246	6	355
2	6	6	356
2	115	55	357
2	264	24	357
2	258	18	358
2	245	5	359
2	296	56	363
2	76	16	363
2	297	57	364
2	63	3	366
2	178	58	366
2	68	8	369
1	221	41	371
2	84	24	371
2	179	59	371
2	206	26	371
2	67	7	372
2	435	18	372
2	426	34	373
2	49	49	374
2	61	1	374
2	147	27	375
2	184	4	375
2	243	3	378
2	243	3	380
2	69	9	381
2	315	22	383
2	74	14	384
2	6	6	384
2	62	60	385
2	158	38	388
2	211	31	389
2	134	14	394
2	175	55	398
2	253	13	398
2	284	44	402
2	167	47	402
2	166	46	403
1	26	26	403
2	217	37	403
2	123	3	405
1	13	13	407
2	245	5	409
2	124	4	409
2	128	8	410
2	426	34	410
2	216	36	411
2	537	31	416
2	180	60	416
2	225	45	417
1	267	27	419
2	71	11	419
2	421	4	420
2	148	28	420
2	100	40	421
2	151	31	422
2	180	60	422
2	82	22	424
2	68	8	424
2	31	31	425
2	202	22	425
1	67	7	426
1	229	49	428
2	12	12	428
2	113	53	430
1	89	29	432
2	256	16	434
2	261	21	435
2	57	57	436
2	447	47	436
1	54	54	436
2	79	19	439
1	151	31	441
2	147	27	443
2	496	54	443
2	300	60	444
2	242	2	445
2	216	36	446
2	38	38	446
2	126	6	447
2	181	1	449
2	241	1	451
2	201	21	455
2	88	28	456
2	74	14	457
2	158	38	458
2	86	26	460
2	21	21	461
2	175	55	461
2	77	17	461
2	49	49	461
2	424	45	463
2	197	17	463
2	80	20	468
2	231	51	468
2	212	32	471
2	98	38	472
2	61	1	473
2	153	33	474
2	538	53	475
2	180	60	477
2	169	49	477
2	106	46	478
2	16	16	479
2	65	5	479
2	47	47	479
2	18	18	480
2	239	59	480
2	121	1	480
2	123	3	480
2	178	58	481
2	161	41	481
2	162	42	482
2	19	19	482
2	559	16	483
2	107	47	484
2	70	10	484
2	27	27	485
2	102	42	485
2	233	53	485
2	257	17	486
2	149	29	486
2	278	38	487
2	56	56	488
2	79	19	488
2	174	54	490
1	115	55	491
2	276	36	491
2	189	9	492
2	128	8	494
2	29	29	494
2	199	19	495
2	85	25	496
2	32	32	496
2	193	13	497
2	133	13	499
2	123	3	500