1 80 8 1616
1 154 42 2614
2 28148 37 4457
1 163 51 3775
2 62877 19 721
2 63903 37 3086
1 103 45 533
2 41254 14 3356
2 69780 53 2068
2 51003 46 3164
1 143 32 2495
2 53196 7 1933
1 133 23 2998
1 112 47 568
1 144 33 1903
1 161 49 1560
1 140 14 3048
2 52463 51 4857
2 3326 18 529
1 166 54 3378
1 10 1 4804
2 66630 43 4279
2 1688 30 3358
1 72 28 2406
2 77723 29 665
1 110 11 2824
1 54 20 4379
2 17906 10 816
2 49549 22 2589
2 34211 14 1472
2 97026 24 2417
2 36425 19 3870
2 87323 41 4359
2 66670 43 3235
1 61 25 369
2 16985 31 776
2 70189 55 777
2 10742 8 515
2 78560 5 757
1 122 59 4468
2 73642 13 18
1 152 40 177
2 80513 48 370