1	25.1621695293659
1	25.163785512558963
1	25.170647305252828
1	25.206501005997055
1	25.212822409838484
1	25.24990615560436
1	25.268096339332494
1	25.268751696990947
1	25.279012909411104
1	25.28796603199901
1	25.296383689727527
1	25.299777805813328
1	25.30202509657333
1	25.304109571115003
1	25.305504879477038
1	25.30868571124936
1	25.310366620455817
1	25.336606871883138
1	25.34808336439297
1	25.349272337919388
1	25.359024664296392
1	25.36520737812629
1	25.365958900492455
1	25.377890889171884
1	25.387317387028396
1	25.389867627708476
1	25.39035627380964
1	25.39070261878984
1	25.39382615304861
1	25.410490630868406
1	25.4142233223746
1	25.414464695836543
1	25.414897028667344
1	25.42356322951588
1	25.434674025849638
1	25.436229507456524
1	25.436736667962943
1	25.439819805048653
1	25.446369002291586
1	25.452376104702633
1	25.453887025742585
1	25.4563485563889
1	25.457077976849874
1	25.461759006927874
1	25.483446172269392
1	25.509948081526144
1	25.513695704384173
2	28.314071599888937
1	31.147782861236266
1	31.16507348706266
1	31.16507695252705
1	31.17930629424445
1	31.18484254433913
1	31.206944495778192
1	31.21528194467808
1	31.253903795519697
1	31.261689835646585
1	31.262949866768015
1	31.340677844728404
1	31.36424961988084
1	31.368182594581555
1	31.37047691113681
1	31.372309659284998
1	31.378510852285448
1	31.401457866093
1	31.441169693071746
1	32.124753568694985
1	32.14056942704604
1	32.14702754988424
1	32.14736069824732
1	32.15845227424587
1	32.1631032916977
1	32.16891337927202
1	32.1718227159903
1	32.174335069697285
1	32.17556942236532
1	32.18914719628395
1	32.189365905634695
1	32.192820861112175
1	32.196059487632986
1	32.19759913941836
1	32.19922963885201
1	32.20016490407469
1	32.201810756967845
1	32.20462032987267
1	32.206990394094014
1	32.21434029711749
1	32.217004161054234
1	32.21702251735007
1	32.21954704228067
1	32.22417857340702
1	32.23160245447527
1	32.239237100731884
1	32.24016409935295
1	32.240280177206955
1	32.24651624744943
1	32.250356253827476
1	32.2535165871866
1	32.25690969546826
1	32.25706813543576
1	32.26412148916805
1	32.27268559558688
1	32.274902374889784
1	32.27730093682083
1	32.2779155797236
1	32.27865749945119
1	32.28071791443814
1	32.28302494385478
1	32.28375494763521
1	32.291603926908884
1	32.335993602002794
1	32.3417626073313
2	32.43538954012086
2	35.74694643995119
2	37.084120577597844
2	40.68553123226897
1	42.10743796781967
1	42.125567081515264
1	42.17541168947707
1	42.200456651922266
1	42.20829031550313
1	42.22414587625056
1	42.2275688041327
1	42.22846441659917
1	42.23790597047179
1	42.24192699624206
1	42.24334815404361
1	42.258036077273026
1	42.26161021726003
1	42.26458842166774
1	42.26849745569477
1	42.28036021237555
1	42.282169569696734
1	42.29047819665135
1	42.2982157153573
1	42.30587533980039
1	42.30931320227119
1	42.31376343239291
1	42.314684029162166
1	42.32416248737462
1	42.32439164009458
1	42.32503182234661
1	42.326211239680156
1	42.3411594910667
1	42.34327152968123
1	42.357995077680236
1	42.36003230298911
1	42.3636948763223
1	42.372872660647175
1	42.389602317460884
1	42.42318347773638
2	43.908391552416944
2	47.80606680982383
2	48.48226449368323
2	48.51733283892329
2	48.76332293563959
2	49.42244775214099
2	49.61449662899103
2	49.98858239890379
2	50.00372418934982
2	50.681466981292125
2	50.77936477011213
2	50.81511403216927
2	50.834951301960146
2	50.90970819514989
2	50.98301513002198
2	51.245674209650744
2	51.48296808173337
2	51.94569396158271
2	52.632853794035356
2	53.463866322503236
2	53.532426661410625
2	53.86813797571596
2	54.192524402413426
2	54.23522671301066
2	54.28374938595928
2	55.132197947774436
2	55.17214753016186
2	55.17902063730049
2	56.52651080816355
2	56.53332472974646
2	56.62581834267923
2	56.92612438206717
2	56.94125142088729
2	57.00312887146918
2	58.080206400550225
2	58.888249920903164
2	59.065089409576565
2	59.50157025419505
2	59.73905678438349
1	61.06579603815637
1	61.111338861768054
1	61.12330552706347
1	61.19417773500643
1	61.197325748211945
1	61.20022800269397
1	61.22919346037303
1	61.24100197778021
1	61.25827197731974
1	61.28681631339895
1	61.29231710169868
1	61.30553215035349
1	61.3090694727812
1	61.30925776295873
1	61.3144891402979
1	61.321186293953524
1	61.32415417344266
1	61.32553048221332
1	61.32754023845933
1	61.33703421162415
1	61.33712411560574
1	61.34035833309259
1	61.34232656693605
1	61.343573409373036
1	61.343806339569106
1	61.34900819398933
1	61.35931412998389
1	61.359516724236826
1	61.36107315654375
1	61.36240227195037
1	61.36259589923226
1	61.36453598940491
1	61.36742395901821
1	61.36751392276792
1	61.37579966381845
1	61.37769884013437
1	61.38147925530366
1	61.38180671113068
1	61.383349599660185
1	61.38486014538139
1	61.388251018671404
1	61.38996939634062
1	61.391739083314086
1	61.3975617707016
1	61.39912613336937
1	61.408366507496716
1	61.4223945731764
2	63.22934849294415
2	63.62854438551526
2	64.30810282048984
2	64.69320424812572
2	64.7258284361484
2	64.7342530494067
2	65.3151155649242
2	65.97631861865254
2	66.02760482715465
2	66.654642597116
2	67.87544213376528
2	68.44032855570522
2	68.63800439375055
2	68.72034245065802
2	69.20090170052615
2	69.23365286969485
2	69.32222100506927
2	69.38447178090101
2	69.47388123651373
2	70.71649718180193
2	70.73435919740743
2	70.75687959583664
2	71.13548164289006
2	71.19171881671467
2	71.63751824687228
2	71.78578987923065
2	71.91600725600632
2	71.96607302387221
2	72.23567567601862
2	72.3139021029221
2	72.31614425210512
2	72.35545200519422
2	72.35725352622912
2	72.421041258561
2	72.60631137322298
2	73.37788549740493
2	73.47145121820108
2	73.54265787364777
2	73.76812951406698
2	74.17260670474896
2	74.25193508374461
2	74.25505189050315
2	74.35380299440602
2	74.40720698092254
2	74.45043602861767
2	74.54822324131072
2	74.66891026905958
2	74.93919690104228
2	75.23559752192092
2	75.27597876046902
2	76.04074539880702
2	76.43204570023224
2	76.4404553557378
2	76.5155999518731
2	76.51591825375006
2	76.57822533469675
2	77.28105460869635
2	77.97924214333116
2	78.96406380764046
2	80.08384152422782
2	80.0841873833757
2	80.1682763840279
2	80.30897028530597
2	80.82155974482957
2	80.85822707376241
2	80.89236209329813
2	80.89422809650786
2	81.15130291608494
2	81.23645513145682
1	81.30456301543016
1	81.30551495065819
1	81.31433445396327
2	81.3326639211952
1	81.33970175445936
1	81.34374001595104
1	81.37141409083014
1	81.37651867764744
1	81.37922044102103
1	81.39560738473594
1	81.39663842518658
1	81.40563385598706
2	81.41483772324246
1	81.43435112092976
1	81.43445866410131
1	81.46431932187318
2	82.16377151435074
2	82.30910614214017
2	82.78325330536127
2	82.7948492295628
2	82.82324035757271
2	82.84623459561678
2	82.91106994629591
2	82.97674400097455
2	83.61795940619905
2	83.6221850380951
2	84.32601877441029
2	84.40502457990146
2	84.50438936803266
2	84.54395795110118
2	84.80810560871188
2	86.96211131780208
2	87.20270285179465
2	87.56855894750603
2	88.28012983174061
2	88.36335664652799
2	88.54218723616646
2	89.15424380001637
2	89.23980873113969
2	89.94502337140403
2	90.03071551947609
2	90.57742897051057
2	91.2139415111447
2	91.83068409485443
2	91.85729443159704
2	92.48440536364224
2	92.53294329829177
2	93.15199104371402
2	93.4093815044171
2	93.47265715976492
2	94.62689693524467
2	95.01682477920332
2	95.04541321810258
1	95.14785406269796
1	95.14846683720054
1	95.18047288754194
1	95.18569015183304
1	95.18657220098702
1	95.18941426769585
1	95.20664660772074
1	95.21771020281567
1	95.22002407778979
1	95.22525777021413
1	95.22595367583301
1	95.22871373394594
1	95.2352637040952
1	95.24311231820047
1	95.25500124614926
1	95.25523992608102
1	95.26135828505092
1	95.27206912322961
1	95.27801562459953
1	95.29053811601891
1	95.29390942175819
1	95.3037158395827
1	95.31064135837396
1	95.31406862614128
1	95.31619939859468
1	95.31865193947556
1	95.33133262071861
1	95.33155647851694
1	95.33905189450381
1	95.34662220204993
1	95.3486853168891
1	95.35053519818935
1	95.35375183691467
1	95.35804389695147
1	95.37906065775786
1	95.40781944957975
2	95.77787667099385
2	95.85107628469146
2	95.88497307953133
2	96.0239546700889
2	96.43369220981168
2	96.52010704060504
2	96.5943863883815
2	97.31297535531688
2	97.36206724554091
2	97.37130254443187
2	98.08436787514971
2	98.89274524579055
2	98.93423421715086
2	99.02198504587642
2	99.04231137292848
2	99.32815846891073
2	99.59697224466947
2	99.60907116822088
2	100.22484468798055
2	100.23863270464852
2	100.47598458406232
2	100.54211864483496
2	100.575216276591
2	101.45098758110778
2	106.00325010979148
2	106.58021413959497
2	108.36619488128345
2	108.68319601480619
2	110.82598725062186
1	111.1473890229988
1	111.15179713596072
1	111.15457178842671
1	111.18753441500803
1	111.19842216287792
1	111.19928403691998
1	111.20595167244333
1	111.2390201016354
1	111.2503082697005
1	111.25401222346822
1	111.26518963292597
1	111.26939605156335
1	111.2737017986273
1	111.29086031466775
1	111.3220242134255
2	112.14096129158773
2	113.07347292290488
2	114.36516932463074
2	114.53403970108462
2	114.92136374267459
1	115.15371947433604
1	115.19458335724958
1	115.2101190103369
1	115.21043037634429
1	115.22767807502062
1	115.22882326814613
1	115.22972440647024
1	115.22974977410045
1	115.22992231706054
1	115.23085019462248
1	115.23121153098755
1	115.24519344034194
1	115.24679242330252
1	115.2565234683856
1	115.25763444854807
1	115.25798837066384
1	115.27066417516045
1	115.27248258625555
1	115.2755910035117
1	115.27845438034508
1	115.2893033589061
1	115.29046283928969
1	115.29159658151593
1	115.29212897164702
1	115.29305076098962
1	115.29380962506976
1	115.30145684045749
1	115.3038616408826
1	115.30594194722364
1	115.30608834828746
1	115.3103758687643
1	115.31786269981211
1	115.3194480962859
1	115.32878674849532
1	115.32886616596787
1	115.32895179999304
1	115.33112793051546
1	115.33727099500427
1	115.34196982569982
1	115.35330483219822
1	115.36065645438644
1	115.37292251805472
1	115.3729504974075
1	115.38632795008392
1	115.3864062412315
1	115.39090185201803
2	117.0526949691032
2	117.94318139390477
2	118.51031380833449
2	118.5757939962575
2	119.4997721858917
2	119.50428601258355
2	120.1083822284625
2	120.15351940010726
2	120.22096997933247
2	121.48624918213682
2	121.56085922988629
2	122.01241300880525
2	122.02244210207441
2	122.14628798187746
2	122.21173809548314
2	122.26926994225921
2	122.38848248678603
2	122.47002851257206
2	122.6079648135206
2	122.86091533043731
1	123.14888663991347
2	123.44733435728169
2	123.8789381303408
2	123.92764041405584
2	124.11609129211189
2	124.1524319688557
2	124.24324310602309
2	125.15853966406964
2	125.16319426865968
2	125.79515183512977
2	125.81393698559381
2	125.8623031583839
2	126.66489726235798
2	126.82649502162764
2	126.92105067763117
2	127.7212134890727
2	127.79615758812243
2	127.88933032757097
2	127.97867550793765
2	128.11277946015514
2	128.21140902537078
2	128.29160646556778
2	128.30949895244586
2	128.57944182277816
2	128.66691554871514
2	128.68904647393228
2	128.77347794391937
2	128.98502366991207
2	128.9991029638023
2	129.01591046788397
2	130.42871376346793
2	130.71117948398955
2	130.71287248316946
2	130.74044077073827
2	131.5752979108165
2	131.67062203083395
2	131.6872774742323
2	132.21389670458268
2	132.22754625910747
2	132.2787559599812
2	132.37394049831906
2	133.22738805959315
2	133.256120353709
1	134.09211632559703
1	134.09309670483546
1	134.11135919527945
1	134.1187390930672
1	134.13712113643712
1	134.17025166826667
1	134.1806463146032
1	134.2181711714845
1	134.22573790612574
1	134.24534900775868
1	134.24861072555132
1	134.25392117831294
1	134.25962080193253
1	134.26000454042352
1	134.2699968387813
1	134.275913538432
1	134.28707889526203
1	134.2893744588803
1	134.32023998815447
1	134.32212708345767
1	134.3265139193231
1	134.3297326631787
1	134.3326187912625
1	134.33599574296716
1	134.3360433679871
1	134.33801866438446
1	134.34118638353948
1	134.34482159647584
1	134.3603459227912
1	134.37804287051918
1	134.38267587437866
1	134.41462932929505
1	134.42453574864837
1	134.4256180639542
1	134.4280786234302
2	136.1833805855013
2	136.19957148454725
2	136.28767827413412
2	136.37085680689734
2	136.4286957274425
2	136.46882215738728
2	136.53799557270736
2	137.78723215044434
2	137.88416661737926
2	138.26549457468766
2	138.29032296278442
2	138.8363778578492
2	138.95815650746644
2	139.007145911433
2	139.71551627037965
2	139.7783367499557
2	139.84554006734592
2	140.4236712518895
2	140.52000891726615
2	140.54426472467688
2	140.91493195338728
2	140.95341866115803
2	141.29477202055682
2	141.3162371520926
2	142.44390547584925
2	142.54185365478872
2	142.90449504453747
2	142.99736211453646
2	143.0906275544963
2	143.4110445282691
2	143.66709052764472
2	143.73326597375467
2	143.75489285705353
2	143.85441269665463
2	143.85587145056803
2	143.88415117114147
2	143.88516752718303
2	143.97855901122077
2	143.9892690270413
2	144.1442209904247
2	144.1546711680111
2	144.92953501257549
2	144.97288514486962
2	145.03280232892337
2	145.26836105075665
2	145.29025454335326
2	145.32663229465146
2	145.40747380354583
2	145.42440276506125
2	145.44275620878145
2	145.87179551892032
2	145.9476284549899
2	145.95281122918158
2	146.03175404559278
2	146.03595700731978
2	146.04261224726073
2	146.07804933250662
2	146.10503648543101
2	146.13408801298496
2	146.19139179220204
2	146.2603523690677
2	146.6312058241503
2	146.72636393737048
2	146.72923869183495
2	146.73752659477663
2	146.79101104038216
2	146.8049313417943
2	146.85223290130892
2	147.21490936517148
2	147.2454499280616
2	147.5059177032602
2	147.83372898004416
2	147.85182426460935
2	147.8896940734808
2	147.89328887541464
2	147.92257104691922
2	147.97081305525296
2	147.9842128554194
2	148.05200284290459
2	148.07956275735182
2	148.37257932906778
2	148.46990402001217
2	148.99402367598088
2	148.99481963821904
2	149.07968112978847
2	149.6552182104296
2	149.77372266439176
2	149.81077965943612
2	149.85416272844316
2	150.46443737723774
2	150.46607806482396
2	150.52759253040367
2	150.5445573086501
2	151.47414241591247
2	151.49164370143475
2	151.58815977171093
2	151.66929721286692
2	152.0448924163346
2	152.1226288140414
2	152.21131118003376
2	152.4024353969444
2	152.4231964546703
2	152.56014654609467
2	152.65301734634176
2	152.75080100013346
2	152.7711591646945
2	152.9995256457551
2	153.00300483725073
2	153.0784902635134
2	153.0929036399066
2	154.23456450778838
2	154.33141883677544
2	154.69121368391706
2	154.69177688668697
2	154.78531261863463
2	154.88365645062476
2	154.89132302187335
2	155.48047248579982
2	155.49926785509552
2	155.52319651919117
2	155.99125434116326
2	156.0286269621482
2	156.11453055003767
2	156.1900681687972
2	156.20501038214502
2	156.28675128179648
2	158.67804349359648
2	158.745666085521
2	160.1219146913479
2	160.19739554942714
2	160.32589675135742
2	160.3593010114235
2	160.42040101941902
2	160.95170225312194
2	160.95202207174992
1	161.20449282088393
1	161.23131375977732
1	161.23605889188352
1	161.2489560709829
1	161.24895835780177
1	161.26701008950698
1	161.26706721626047
1	161.292523214352
1	161.30514899573436
1	161.3069871529253
1	161.32712970832253
1	161.32791436764464
1	161.32860030794413
1	161.35133854160523
2	161.50688975408139
2	161.65431629054464
2	161.73495377619304
2	161.76460886047494
2	161.7695820338666
2	161.94529119511444
2	162.11130156304662
2	162.1693833813939
2	162.18072597162177
2	162.22785730200627
2	162.8854429495689
2	162.96637738989742
2	163.65481410682105
2	163.6707992159188
2	164.38961206312325
2	164.43499214514028
2	164.43677165468654
2	164.88719746596908
2	164.92000461070165
2	165.23729074063579
2	165.31940374481673
2	165.37024835126283
2	166.40180858569167
2	166.49633578017136
2	166.9536537984318
2	166.97091902641742
2	167.03147871675992
2	167.5505724034268
2	167.6288586022858
2	167.65949731793282
2	167.72061072263563
2	167.7271432304003
2	167.74681284659917
2	167.82643553824036
2	167.84924390187808
2	167.88139464641102
2	167.89684608342776
2	168.76877952598937
2	168.8652256435511
2	168.93174308483864
2	168.99740615328395
2	169.26745792390702
2	169.3282889385666
2	169.72554864613727
2	169.85339106312165
2	169.85754768055412
2	169.92314162625078
2	170.38075206505226
2	170.44274414268745
2	170.4923403964987
2	170.5168996954646
2	170.80910808915644
2	170.8423265507186
1	171.08928275699665
2	171.1067259209376
2	171.15545265125473
1	171.1792055391738
1	171.19768176962708
1	171.21743294289539
2	171.31798251825265
2	171.63812449351917
2	171.68735607922122
2	171.7758980515327
2	171.79549432433103
2	171.8286726607162
2	172.23592151280067
2	173.59764818963365
2	174.25840657881173
2	175.3571369969076
2	175.95215720816657
2	176.23194025247003
2	176.92357387579548
2	177.81950310120226
2	178.15888477297975
2	178.20536573152359
2	178.41044780299666
2	178.58903894929728
2	178.74196450186275
2	179.43339165444857
2	179.46835900402536
2	179.8425857904191
2	180.0714376059662
1	180.1102899798769
1	180.11974343771925
1	180.14686496439995
1	180.16694029399972
1	180.17851191196124
1	180.18558007225553
1	180.19031848186444
1	180.19748674580023
1	180.2262489482105
1	180.2320784668247
1	180.2329751033138
1	180.24158816221407
1	180.24382803254838
1	180.252201148628
1	180.25381482022152
1	180.2563573517764
1	180.25691547674293
1	180.2621170022532
1	180.26280724049013
1	180.26815933832182
1	180.2703994723676
1	180.27778246514907
1	180.28355843371727
1	180.2859477393352
1	180.2860919441236
1	180.31767612097798
1	180.3182122798055
1	180.32383966049494
1	180.32714928804748
1	180.32770642141713
1	180.33050296780314
1	180.33110377048058
1	180.33350339288037
1	180.35412242203694
1	180.35997347304678
1	180.36062401232152
1	180.36415197913175
1	180.36936314482253
1	180.38059531962745
1	180.38597304530785
1	180.40415883440278
1	180.40545751987287
1	180.40838215407453
1	180.41114497666703
1	180.41559493145886
1	180.4170580040944
1	180.45382843226582
1	180.4548200602096
2	182.59797257299218
2	182.85931166909404
2	182.92194441669605
2	183.28632077148814
2	184.1082079851206
2	184.17757301256174
2	184.67838711233418
2	184.8241422077125
2	185.4078364692936
2	186.03367779002033
2	186.18958070368154
2	186.71743300460568
2	186.75235329988905
2	187.69797418248086
2	188.3815830935377
2	189.19478595821073
2	190.87325955014848
2	191.53943813019947
2	191.56746391569925
2	191.58457685234762
2	191.59946227001382
2	191.60880485415413
2	191.64060337524177
2	191.66577204590106
2	191.72316701957573
2	191.76088458078488
2	191.79013555306645
2	191.8866591064339
2	193.14541258039907
2	193.54900815322222
2	193.58376317709187
2	193.6876480284872
2	193.78594645192675
2	193.86802286973642
2	194.2880333510895
2	194.77117509471157
2	194.93459734762442
2	194.93912830238565
2	195.0018270966579
2	195.2228737895793
2	195.23762910172803
2	195.27144285121042
2	195.4547763120875
2	195.50589107223962
2	195.5246253168251
2	195.59950751087382
2	195.78580751868887
2	196.2296461628168
2	196.28740229765287
2	196.74325138990918
2	196.8855784625169
2	197.45032855990962
2	197.5401839232753
2	198.11997753934648
2	198.17392201034812
2	198.69797489625134
2	199.16118943943934
2	199.24982478120066
2	199.7768155585658
2	199.78893082211658
2	200.03837633457022
2	200.07280049965726
2	200.09425538315202
2	200.4247269309469
2	200.75780846502713
2	200.89229278986474
2	200.92414567370162
1	201.04532198035434
1	201.047139647388
1	201.05215782896994
1	201.05408496723427
1	201.07246881179685
1	201.08938512590007
1	201.0965131081352
1	201.11818188877044
1	201.179411541834
1	201.1800416733463
1	201.18970282967703
1	201.19492084913043
1	201.19661952932955
1	201.20683978326628
1	201.21578660474458
1	201.2171508858654
1	201.2191503951563
1	201.22756211540892
1	201.23074393485788
1	201.24584588317347
1	201.25178750112588
1	201.25275419376337
1	201.2575234711893
1	201.26474203228932
1	201.26933149483273
1	201.27156283887697
1	201.27387665862713
1	201.2813518893157
1	201.28910405220793
1	201.30021687378974
1	201.3248996767671
2	201.32805653571305
1	201.3303381898917
1	201.33561136285527
1	201.34392380090276
1	201.3564163718343
1	201.36333241989036
2	201.4269625725183
2	201.9072581649805
2	201.97507410869403
2	202.43568763284148
2	202.51717918081886
2	202.51904385410919
2	202.5919497614544
2	202.59688654458205
2	203.38313065614196
2	203.61006943897638
2	203.95701173338048
2	204.01409204147694
2	204.05803559493853
2	204.11308955109573
2	204.80045334253475
2	206.54022370591468
2	206.63739528210894
2	206.72921202080664
2	206.7402754465847
2	206.87108885317747
2	207.21573068834485
2	207.62014555019513
2	208.01144141319887
2	208.06724658961747
2	208.11931511397592
1	208.14937987299427
1	208.16717092163876
1	208.17492360699146
1	208.1821218143198
1	208.18496950604631
1	208.19432760621106
1	208.20387321014152
1	208.2057948037603
1	208.21151146504153
1	208.212580768051
1	208.21334920077507
1	208.21733955230252
1	208.23025995972446
1	208.23106042246536
1	208.2323160894851
1	208.2712071568318
2	208.28361952637115
1	208.28372994587832
1	208.2930279247876
1	208.29577650321173
1	208.29588529550028
1	208.30693064564198
1	208.31307099160162
1	208.3209220730973
1	208.32292813118568
1	208.32295093822134
1	208.34927829281847
1	208.36157589649005
1	208.3895929355081
2	208.7602182698537
2	208.82911684125895
2	208.91992647708565
2	208.94902908662803
2	209.56720012371255
2	209.59045888598462
2	209.87514701667146
2	209.90283991598358
2	210.1011008269803
2	210.14992411267056
2	210.1888658529413
2	210.21027842483988
2	211.65190478931902
2	212.33933386916402
2	212.7018101793321
2	212.77284590854336
2	213.21016121451666
2	214.18406370634958
2	214.23240478616322
2	214.8126219862488
2	215.1781469613867
2	215.36423097661728
2	215.44338870585185
2	215.52402543482094
2	215.53605808938715
2	215.56178002392994
2	215.60213744994488
2	215.6300714419344
2	215.63125162548215
2	215.66316352585488
2	216.86850048059318
2	217.1014045883984
2	217.4695507149769
2	217.53527811932872
2	217.6628192670711
2	217.6754179845419
2	217.69372895846266
2	217.79835150805928
2	217.79866169736195
2	217.95742242073646
2	218.04464126654364
2	218.66346492211673
2	218.74410997270638
2	218.74846863099918
2	219.1721591781816
2	219.33323018633004
2	219.37499044325705
2	219.45413954250242
2	220.111484849548
2	220.15696198542526
2	220.83986133839423
2	220.87222592602643
2	220.8786761265342
2	221.34719576676514
2	221.35166203976024
2	222.1451045421147
2	222.22934450289253
2	222.96512153915907
2	223.04735016874506
2	223.7004765598337
2	223.71970926472324
2	223.97592221538557
2	224.04059577299276
2	224.10992567485025
2	224.32759049471716
2	224.357163134454
2	224.37059183389127
2	224.76467429743778
2	224.82563998358592
2	225.6999706031301
2	225.7409076345589
2	226.53080351612823
2	226.5723669489382
2	227.35722681966067
2	227.3661089942165
2	227.40342233244343
2	227.42344978647418
2	227.51631075496073
2	228.0057915670908
2	228.08279418335755
2	229.02395695623176
1	230.22541223971476
1	230.27809808377833
1	230.29249969449526
1	230.29497390021098
1	230.2964496919041
1	230.31048062603332
1	230.31717989644255
1	230.31882353792878
1	230.33252297266145
1	230.3372272595649
1	230.34461969128347
1	230.35738842568043
1	230.36083873192572
1	230.37280829358338
1	230.3762228454398
2	230.43648943780323
2	231.94051975730628
2	231.97132329335886
2	232.01214201633758
2	232.04760580125284
2	232.07761071308008
2	232.17183642391416
2	232.24361461361502
2	233.4922151114524
2	233.51647548241706
2	233.56327590932338
2	235.57697295325636
2	235.67062443927728
2	235.6867095505355
2	236.29720103284404
2	236.3846141314123
2	236.38587158188233
2	236.63283116431415
2	236.6635671154562
2	236.73511449841578
2	236.82795952841997
2	237.16601274424
2	237.20511838116695
2	237.27227979161447
2	238.12442843618237
2	238.22180958251613
2	238.22674096617226
2	238.83560370996537
2	238.93174192529688
2	238.99604923413247
2	239.10293964129212
2	239.1262270813174
2	239.1809999690883
2	239.38503001397441
2	239.38687417642572
2	239.46385344876452
2	239.53534952878854
2	239.5616667013611
2	239.56480980430567
2	239.62581984358343
2	239.68904392959232
2	240.24863022280067
2	240.28327067692422
2	240.74201917699807
2	240.7519503238861
2	241.08641695176752
2	241.14597482723082
2	241.1869541485745
2	241.22098820580277
2	241.3132987616323
2	241.3918909809663
2	241.5684981452612
2	241.57913738596454
2	241.63826213935852
2	241.6623250695288
2	241.9333300129962
2	241.9377900633111
2	242.63641881307623
2	242.68878574681347
2	242.72933983375148
2	242.83719026588042
2	243.00210665151383
2	243.06307235050778
2	243.09473227226928
2	243.09564237988113
2	244.701443108401
2	244.76171814653657
2	245.25626897081276
2	245.26160827891724
2	245.29195775017257
2	245.84869367199377
2	245.86668721878428
2	245.88812990810763
2	246.4775550351101
2	246.72125378695011
2	246.7524625914236
2	247.64791321723598
2	247.72518525219652
2	247.8060272858627
2	247.81161581715065
2	247.8500934030042
2	248.23936058457528
2	248.71759042204323
2	248.78109052477174
2	248.8394914132614
1	250.07760635367572
1	250.13758462168232
1	250.14119964798428
1	250.14349564712126
1	250.17444849167592
1	250.17499426735645
1	250.18264141855005
1	250.19194407910848
1	250.19597817512874
1	250.19614083837598
1	250.20239445019834
1	250.221471373488
1	250.22594044932038
1	250.23440966546997
1	250.23493568338156
1	250.23818167946422
2	250.24026703331128
1	250.24179627497048
1	250.2549802101904
1	250.25535166507956
1	250.25646734526805
1	250.2591423096624
1	250.26172544346983
1	250.26230867800976
1	250.26476622852542
1	250.26602602314668
1	250.2696439641023
1	250.27660502806174
1	250.2784491792176
1	250.27887433525308
1	250.279151438124
1	250.28368320008013
1	250.28660411679215
1	250.28806678561
1	250.29401117303638
1	250.2961199124453
1	250.29722145572393
1	250.304873782081
1	250.31263485443077
1	250.31416157170722
1	250.315669603612
1	250.31924585199442
1	250.32114312321616
1	250.32947657625525
1	250.3333155904462
1	250.33507995558176
1	250.337500088201
1	250.3477454664257
1	250.36179784573184
2	250.45385784025117
2	250.51236482915235
2	250.5696443999904
2	251.33659232334278
2	251.43136335768762
2	251.9737413782903
2	251.97935487287887
2	251.99417287760798
2	255.84166406763242
2	255.90524313670213
2	255.92175926304927
2	255.9535080123956
2	255.99399764558325
2	256.6498605665348
2	257.39674409019904
2	257.4598719092817
2	257.4755406391797
2	257.62981699000204
2	257.64276946647846
2	258.00237248180616
1	258.1830093551725
1	258.2335967089836
1	258.23444227927195
1	258.25164514327906
1	258.26227154476896
1	258.27500068686396
1	258.2799748682554
1	258.2880583127378
1	258.2912337442486
1	258.3290279731983
1	258.3418112575205
2	258.3472044388832
1	258.38254687793494
1	258.3908876060096
1	258.3922814106341
1	258.4062504819551
2	259.5273284941784
2	259.5554812179587
2	260.19008676430406
2	260.2397864452186
2	261.1159760423847
2	261.1623517630662
2	262.7437494735021
2	262.8166755286615
2	262.9851793553184
2	262.99701908219674
2	263.168359577991
2	263.2982937867578
2	263.35733720157526
2	263.4080301378051
2	263.46415018731494
2	263.47704006175854
2	264.1264355136062
2	264.16252057416074
2	265.06382558502116
2	265.11687268265155
2	265.48348630280884
2	265.6305956980002
2	265.6758154087807
2	265.7704500389727
2	266.4822791998795
2	266.6396022403143
2	266.73636175484035
2	266.75043578601054
2	266.7907999109736
2	266.8701142275903
2	266.9313062132872
2	268.0494559351131
2	268.1281568978133
2	268.6528101949752
2	271.4332973183541
2	271.63030654059054
2	272.1957158618886
2	273.2001678404801
2	273.29306136923384
2	273.3704404991939
2	273.3768290600023
2	273.4184935763968
2	273.4235572712912
2	274.17049162765267
2	275.1348082961513
2	275.253193544977
2	278.3272932723143
2	278.5710180705879
2	278.9853735446275
2	279.18059656280377
2	279.84406002732317
2	280.0102183912473
2	280.0158476077247
2	280.02855288344944
2	280.5928159535588
2	281.3096145303785
2	281.3904183718019
2	281.4390868352042
2	281.51871552742267
2	281.88804644136843
2	282.56046398477645
2	283.43848300927834
2	284.2188776681101
2	284.4325602084669
2	284.4757308908195
2	285.0686828544236
2	285.9877617983549
2	286.04102970543244
2	286.70759121441677
2	286.759613810862
2	286.8241006262795
2	286.8975656569618
2	286.9157422679515
2	287.0351702478954
2	287.2320422184229
2	287.2564511739262
2	287.3394987345838
2	288.4160279661562
2	288.92094616632494
2	288.9913304577217
2	289.0038006215772
2	289.07253004976127
2	289.36979627583435
2	289.44551945764084
2	290.1539518240072
2	290.1576328720851
2	290.21573116162335
2	290.2769898778719
2	290.56908512341437
2	290.72998655700775
2	290.78726713549634
2	291.0623264788043
2	291.1420717747221
2	291.15679224452674
2	292.0313347529747
2	292.0379926741257
2	292.1013334256254
2	292.546901911873
2	293.0297035376816
2	293.06932611346883
2	293.4952545422841
2	293.5387667735632
2	294.3465849327294
2	294.4417475494853
2	295.43747370306147
2	295.4920574769113
2	295.50015810890545
2	296.6173195485598
2	296.6438780465424
2	296.7192918178916
2	296.7231497359688
2	296.7446941211822
2	297.1454019243728
2	297.20792427741065
2	298.0363835680313
2	298.36380762142113
2	298.3778169281424
2	298.91625979257776
2	299.2586776885425
2	299.31381254932
2	299.37052354237187
2	299.7926920594292
2	299.8606942956211
2	299.92379862030447
1	300.27224931816244
1	300.28073766608037
1	300.2972404908622
1	300.3019008798386
1	300.3019576351874
1	300.3123473788379
1	300.3190148506193
1	300.32957153174743
1	300.36474363802006
1	300.40042671371094
1	300.40193182867927
1	300.4306065646018
1	300.43939569536013
1	300.4591726058805
1	300.4600739044277
1	301.1264370361716
1	301.13327469133395
1	301.15895081177274
1	301.1694744086901
1	301.17497754762525
1	301.1920585588443
1	301.2005892572328
1	301.20442361614283
1	301.2149395165529
1	301.2232974515322
1	301.22344128574616
1	301.2301225543395
1	301.2640993065634
1	301.2715729338365
2	302.36561274236254
2	302.519246470125
2	302.8871762716088
2	303.5997034143255
2	303.6509816708218
2	303.83374714252324
2	307.4265038462229
2	308.1254455097905
2	308.9838782561213
2	310.34746619941274
2	310.63919566551556
2	311.1716143895669
2	311.1971031866448
2	311.36568130201715
2	311.8137464912866
2	311.92396304264497
2	311.9341371424321
2	312.7688981328058
2	312.9308941599498
2	312.99080250891393
2	313.1912033115165
2	313.2302164859486
2	314.39615314221413
2	314.4175231977596
2	314.4212500285026
2	314.49647405959774
2	314.53397969822214
2	317.0066061509796
2	317.2727673270475
2	318.16705563451876
2	318.19918196875904
2	319.3024046040813
2	321.07934574960416
2	321.74859313010427
2	322.0039300030898
1	324.1602681749829
1	324.16815686317995
1	324.1722390796135
1	324.1746505402426
1	324.18682889833354
1	324.207090933006
1	324.2091355723401
1	324.216926447726
1	324.2302548218525
1	324.2306438182794
1	324.2311891022261
1	324.27121914178787
1	324.27900134531546
1	324.27963340583085
1	324.30846251658744
2	326.47238224976144
2	327.51093153939445
2	328.9719868193046
2	329.01404701128774
2	329.21402687175856
2	329.8262022891299
2	329.9045740206416
2	331.35372862650553
2	334.3960442691738
2	334.4077372077548
2	334.46809160655874
2	334.70318436835385
2	335.02602634389444
2	335.0302088137007
2	335.6716271971242
2	336.73567954289985
2	336.94938773916226
2	337.0508738849765
2	337.26428840257273
2	337.8226004981833
2	337.849530223284
2	338.2051121864237
2	338.22853873327426
2	338.709275091688
2	339.6862726837458
2	339.8073791137662
2	340.34131178934945
2	340.87616898165277
2	341.1072695021538
2	343.20502018570517
2	343.2081237377891
2	343.91371137913023
2	344.29971435453376
2	344.57293795974465
2	344.72438095591866
2	344.86951349500214
2	344.88201150391535
2	345.5880222168432
2	345.936256272447
2	346.2657415062092
2	346.6413543621667
2	347.00309147946103
2	347.09744634534877
2	347.2931329661121
2	347.6866208048697
2	350.1274892184233
2	350.29252460948237
2	350.779881294448
1	351.1186613498654
1	351.15242275815604
1	351.17922420065895
1	351.1952222419808
1	351.2068817565129
1	351.21494269290366
1	351.23753818636186
1	351.2377422256158
1	351.2412481260659
1	351.24384209741515
1	351.24689339338784
1	351.2585407443703
1	351.2711049304745
1	351.27338359621166
2	351.45624078536935
2	351.66571544127765
2	351.7323925048408
2	352.3808900008031
2	353.02994586874735
2	353.1096720929371
2	353.63683905344874
2	353.72214449541326
2	355.3334804623914
2	356.02732866656635
2	356.1880851479786
2	356.9313256587332
2	357.68556868098926
2	358.16094900046915
2	358.59975461821614
2	358.6114182871185
2	358.9092864678737
2	359.21668605436656
2	360.8574472669264
2	360.90654197124735
2	361.1983098546098
2	361.61174772355326
2	361.6332178640378
2	361.7134894168641
2	362.3836595786827
2	362.4986744259081
2	363.4722601328812
2	363.76097497252135
1	364.1423569075292
1	364.15008348544535
1	364.15427829599884
1	364.1896101018929
1	364.19366571055514
1	364.20039844661596
1	364.2135302460495
1	364.23864303525716
1	364.23971935180793
1	364.2624275717141
1	364.2681122766913
1	364.2737603211967
1	364.2757851813884
1	364.3046783326163
1	364.3194420168984
2	364.32223894294077
2	367.1497829296263
2	367.806861832692
2	368.0949801595506
2	368.56144282278126
2	368.572938832719
2	370.32556855141047
2	370.369573780279
2	370.77635103421363
2	371.166757468835
2	374.08734452318583
1	374.19400295674586
1	374.195361526256
1	374.2160550776462
1	374.2164579627763
1	374.229139798032
1	374.24744460577864
1	374.25376969802664
1	374.26711881750634
1	374.2736159009538
1	374.2740068658852
1	374.29604514904753
1	374.3142813831815
1	374.31570528590214
1	374.3501227626698
2	375.71142685982545
2	376.0629731942061
2	376.37175439370833
2	377.00003195964314
2	377.61311245334616
2	379.3788992690617
2	379.99641913703744
2	380.142353977088
2	380.92594222476475
1	381.1487997689859
1	381.17025608144377
1	381.180303904366
1	381.2035541209235
1	381.20369920498626
1	381.20964918733387
1	381.222410402587
1	381.2235961964262
1	381.22671772633214
1	381.22748369093864
1	381.22903069009476
1	381.23149039279986
1	381.24642289893643
1	381.25102601072683
1	381.2576312671672
1	381.2676031727883
1	381.2702170975339
1	381.291165036426
1	381.2920796197648
1	381.29242743983076
1	381.29986222847214
1	381.3011472483404
1	381.30902525784575
1	381.3132903853812
1	381.3152769584938
1	381.32896441078015
1	381.34557310197766
1	381.3909350485574
2	381.6423701913508
2	382.565184472496
2	382.70728074596394
2	383.21527339746285
2	383.23787246193666
2	383.88122883859336
2	384.22539454247345
2	384.4629964202083
2	384.7670615692236
2	384.8042146034205
2	385.0829424913704
2	385.94054989497977
2	386.2777851572498
2	386.4075395114619
1	388.1012155540032
1	388.1082604837156
1	388.1246152618134
1	388.1636468464045
1	388.16990168161936
1	388.1796510459014
1	388.1866505059401
1	388.1916987278821
1	388.1922705918643
1	388.1969358507691
2	388.2040600492996
1	388.20776553894785
1	388.2246360349432
1	388.2314958875915
1	388.2386588258337
1	388.23987078861563
1	388.2438116192594
1	388.2468826528394
1	388.25199759394906
1	388.25497865282233
1	388.2569211102466
1	388.25862079423365
1	388.25935039170366
1	388.26447047708854
1	388.2651304936209
1	388.265419898912
1	388.27120924878534
1	388.28539427264735
1	388.29335241618696
1	388.29965609351825
1	388.33354124659155
1	388.33864349271886
1	388.34424799166027
1	388.34907197941726
1	388.3533677559115
1	388.3548281153483
2	388.6412203942038
2	388.8490818144642
2	389.6052004767881
2	390.8679515111757
2	391.06718913633733
2	391.7151139841971
2	392.4434503800247
2	393.90977855682837
2	394.1473692182628
2	394.1925435423692
2	395.0479533094683
2	395.64199549665386
2	395.7477065458318
2	398.0912085823833
2	399.20138808939663
2	399.65986096881164
2	400.8542529487414
2	401.4477379602692
2	401.5450165583578
2	403.26157174731935
2	403.9849229692028
2	404.0013893490153
2	404.86322387430073
2	405.52179018262285
2	405.7131607187718
2	406.74150549307524
2	407.0945243731606
2	407.1735243321662
2	407.294350071306
2	408.14128602329794
2	408.28166369268416
2	408.3796713308194
2	408.4194964623447
2	408.4764349717476
2	408.77136417606454
2	409.3689318678572
2	409.5711001423707
2	409.66245099630106
2	409.70186023839506
2	409.7186797992479
2	409.7599498919801
2	409.78606916904323
2	410.36545888475035
2	411.5727625755926
2	412.59524508880685
2	413.1166101518298
2	413.3604041931967
1	414.18130679344904
1	414.2007095335576
1	414.22807608819966
1	414.23277564470516
1	414.23750000183225
1	414.2470591707812
1	414.25710170528595
1	414.2663546892125
1	414.2690651880622
1	414.2733670693336
1	414.28024175367835
1	414.30361440755786
1	414.3060984125812
1	414.3322909739259
2	414.93078615679593
2	415.81936297289496
1	416.12004055849
2	417.1132554342986
2	417.70474207219456
2	418.05870511897103
2	418.46682486061394
1	420.02528805451374
1	420.0274791438858
1	420.02972092943077
1	420.03342081295534
1	420.0365244335994
1	420.04382644796004
1	420.05470545841814
1	420.05737275512803
1	420.063197024285
1	420.0752893877169
1	420.0846649410635
1	420.1044594408521
1	420.13389128765687
1	420.13600774282895
1	420.136798265068
1	420.1368192210573
1	420.14284315866297
1	420.1430128096002
1	420.1621720187134
1	420.1661215370193
1	420.188424530658
1	420.19790895298206
1	420.2118734700666
1	420.22572035799624
1	420.22947405559245
1	420.23352683845127
1	420.2415112661236
1	420.2653495023506
2	421.9718779133063
2	422.119437734086
2	422.55394988229995
2	423.15415329293177
2	423.56355360216605
2	424.19019313397064
2	424.6499230964225
2	425.3316973880828
2	425.3576690663034
2	425.50858725330926
2	425.6067158541789
2	429.5831920670964
2	429.6375369305452
2	430.1305478021188
2	430.4504526897958
2	430.67783356385144
2	430.69237940445055
1	431.2329288560893
1	431.23880848550493
1	431.2416674739719
1	431.24573898445436
1	431.2508658305362
1	431.26453413972234
1	431.2826272245609
1	431.3162011012908
1	431.3165608356934
1	431.3328693746562
1	431.33972200042484
1	431.34051495049783
1	431.348239029681
1	431.3522209313631
1	431.353897898892
2	432.39845433684997
2	432.9163297368134
2	433.1179118882008
2	433.19951598586977
2	435.50087045997793
2	435.506277333794
2	436.075476696771
2	436.73979216635416
2	438.58591860463065
2	439.60713920535596
2	440.11392276890206
2	440.2963776132611
2	441.8338966127661
2	442.00065286409693
2	442.95627933428494
2	443.5219847380004
2	443.55616776522044
2	445.6319201416825
2	445.92045642986085
2	445.9942676237972
2	446.03097663566473
2	446.08757855198195
2	446.20853735769657
2	447.5542376474695
2	448.10526503785525
2	448.1932311263464
2	448.2040691316105
2	448.70731906205975
2	449.40522735829893
2	451.1082619002469
2	451.8430386776327
2	451.87537183433477
2	452.71502633249537
2	453.3465294421209
2	453.3836841678372
2	454.8060104196057
2	455.0424330812737
2	455.0680544962633
2	455.7675626896504
2	455.832858314123
2	455.87105443909354
2	455.9400514108958
2	455.987063176367
2	455.9887598135382
2	456.0381798115844
2	456.18219759743306
2	456.25811817915456
2	456.66118000243404
2	457.0124351679196
2	457.0548939556743
1	457.0764828379518
2	457.07767292112794
1	457.0949614085647
1	457.1065043208397
1	457.11270005671133
1	457.1173269837928
1	457.1296774306236
2	457.13949591712736
1	457.1400793106562
1	457.14448237549686
1	457.14493100507605
1	457.1563367346328
1	457.16322003542103
1	457.17027315069924
1	457.17660602738516
1	457.18004479348326
2	457.18313999816763
1	457.18342528350286
1	457.1891386406137
1	457.19514610065966
1	457.19717525922084
1	457.2078039653946
1	457.2128097284302
1	457.21656893782017
1	457.2193586360537
1	457.22477169891505
1	457.2284938990712
1	457.23220526182126
1	457.2351170735369
1	457.24656943194583
1	457.2499118214843
1	457.25135123006623
1	457.25732182290454
1	457.26129131634656
1	457.2640743257192
1	457.2652703803675
1	457.26982090095487
1	457.27488943160154
1	457.2903276657643
1	457.300114701255
1	457.3003408147968
1	457.30568861029377
1	457.3090703436308
1	457.3122886963537
1	457.3187449036129
1	457.3207240448433
1	457.3208176689338
1	457.32449301523195
1	457.3292927193117
1	457.35336869977
1	457.35800746100125
2	457.36766334337045
2	457.41993238189934
2	457.44013557162197
2	457.86721982768125
2	458.2527854514913
2	458.2638812879495
2	458.7586738700703
2	458.7927008536335
2	460.3020473838129
2	460.3401769355707
2	460.3631712103798
2	460.96419562510306
2	461.0297413275923
2	462.7234003891063
2	462.7720908621126
2	463.0000126566056
2	463.0476188036492
2	463.9411214275185
2	464.0131890017097
2	464.30629229101464
2	464.70664573778436
2	465.4828972884341
2	465.57762900227976
2	466.03255374547416
2	467.4428973170127
1	469.1310182376579
1	469.1681163942402
1	469.1766991891528
1	469.1802082615298
1	469.19994238777053
1	469.2032123506477
1	469.2129102494836
1	469.2179906750248
1	469.2212387731271
1	469.22370789555384
1	469.22569916406667
1	469.23961421365084
1	469.24384841260314
1	469.2448395431186
1	469.24776156605463
1	469.25547206074015
1	469.2596142859713
1	469.26738724666234
1	469.28096042063237
1	469.2825550044724
1	469.2865697550305
1	469.2941491310842
1	469.2951025199092
1	469.30141349249504
1	469.30299676289053
1	469.309538713896
1	469.32137684469876
1	469.3224551733985
1	469.341248791097
1	469.3444404874461
1	469.3444896370535
1	469.34820416307326
1	469.3672607242786
1	469.3764532350908
1	469.3875390437194
2	469.9222495760718
2	469.9285497030499
1	470.0952473582246
1	470.12684244046335
2	470.1452299339921
1	470.1524088041603
1	470.15882960456753
1	470.163589007045
1	470.17408134264224
1	470.1936156908209
1	470.1938496357733
1	470.20916774859904
1	470.2209676495627
1	470.2238009264057
1	470.29266081186245
1	470.3055898244632
1	470.3152923254744
2	470.31836196363
1	470.3184420382397
2	470.40635772111557
2	470.89664654291437
2	470.92256821595436
2	470.9316860318984
2	470.93383825305085
2	472.439593298791
2	472.53292467699805
2	473.09876178446143
2	473.3275120794424
2	476.1751739804253
2	477.1845488641376
2	477.2575156970214
2	477.85575873454525
2	478.3518300745101
2	478.4592361551319
2	478.4994941415347
2	478.6117800891239
2	478.62304144083714
2	478.97381427804015
2	479.5619477461326
2	479.7493573053747
2	480.11002615163284
2	480.6080548443607
2	480.73824941028755
2	480.75710808875345
2	480.7642072299201
2	481.2168450572937
2	482.20167545323096
2	483.5073772218714
2	483.91793144635244
1	484.0556793684183
1	484.071354659414
1	484.0739621658593
1	484.08411788389463
2	484.1106438103282
1	484.1159286671357
1	484.13126048045626
1	484.13280166247245
1	484.14268803876377
1	484.14438327343714
1	484.1608356776978
1	484.16291079739057
1	484.1716440931166
1	484.2089554072501
1	484.2134946182645
2	484.31144960150004
2	484.83267960938036
2	486.2815501376532
2	486.58721468510095
1	487.1574143591605
1	487.178820095265
1	487.1794715748061
1	487.18253775830044
1	487.1858144579914
1	487.2076052749788
1	487.21275789701133
1	487.2156166869184
1	487.22855306241894
1	487.26486183781554
2	487.27117088557276
1	487.29916089229636
2	487.32880143693154
1	487.3319308478216
1	487.335696269745
1	487.3455799412678
1	487.3464937503399
1	487.3774915148137
1	487.4106634124877
2	487.4112732619637
2	487.4150238535281
2	487.7123586915362
2	487.7319260947104
2	488.24662996482414
2	489.4129750301158
2	489.4344431864442
2	489.5273889981573
2	489.94141670618734
2	489.9437045649461
2	489.9739997798637
2	490.7917830150951
2	490.87314185142765
2	491.37623731511275
2	493.84682888586445
2	493.85715636784636
2	494.24737927675585
2	494.8335144714255
2	495.4555039860787
2	495.71763310520487
2	495.98464094844167
2	496.0521611282366
2	496.5539839509528
1	498.04763448281375
1	498.06738522998273
1	498.07124151329987
1	498.099541691178
1	498.1085725315943
1	498.1133822720857
1	498.1174149920127
1	498.1236917024681
1	498.1250478256829
1	498.12748608101884
1	498.15552590296244
1	498.1599392879935
1	498.16340476550596
1	498.1645207085299
1	498.17503024817415
1	498.1804527295634
1	498.1820753469299
1	498.1900208626604
1	498.19368041299504
1	498.19531466774276
1	498.1958555908443
1	498.1988264446569
1	498.19950415743693
1	498.20345327010574
1	498.212261359745
1	498.2158036219395
1	498.21977003712715
1	498.22123052999063
1	498.2246755699269
1	498.2309935653477
1	498.2317225307185
1	498.2367810607304
1	498.24073900564133
1	498.24081519270413
1	498.2469273176761
1	498.26683474309596
1	498.2669418636592
1	498.2714917398552
1	498.2747577449853
1	498.2838050264659
1	498.2875717422899
1	498.29062848910667
1	498.2914230847645
1	498.3170421448607
1	498.3329829702771
1	498.35031053018906
1	498.3602880866798
1	498.4038066808839
1	498.4149241884977
1	498.43580212652364
1	498.47348636505205
1	498.48521045954305
2	499.07807748982924
2	499.1721742565172
2	499.7157163446099
2	499.82872037098866
2	500.6990803277325
2	500.9334497507657
2	500.9474149572588
2	501.1836160438918
2	501.6413321939871
2	502.3601803605963
2	502.365538314618
2	502.9148662084889
2	503.0895711801928
2	503.35389207895577
2	503.37934329277965
2	503.51472547640617
2	503.53662579107805
2	503.55525928692407
2	503.904167362075
2	504.54148991972096
2	504.71157628756157
2	504.7598020090652
2	504.97002482277765
2	504.9827716342309
2	506.1155121808481
1	507.1825126934561
1	507.19339274319395
1	507.20677496651393
1	507.2178371207241
1	507.2203490758881
1	507.23403318462545
1	507.2532467886446
1	507.2765920213862
1	507.28597227911
1	507.3345689773591
1	507.3357193831557
1	507.35105043735933
1	507.3659913352388
1	507.39954829524527
1	507.4289647534382
2	507.80227534705125
2	507.94411736740705
2	508.04230875881933
2	508.16113057151205
2	508.2259223503388
2	508.24135562134734
2	508.61864751486854
2	508.6825346221676
2	509.3569384878669
2	509.3616093053169
2	510.5090742726554
2	510.5802253904837
2	511.3652167905679
2	511.77576776808587
2	512.1161697199715
2	512.1574580293491
2	512.3843931725141
2	513.8925659325358
2	513.9835075851906
2	515.304274554814
2	515.3878584189088
2	517.643696104013
2	517.7299946109898
2	518.7082673985116
2	518.713887273826
2	519.8831881541804
2	519.8902762933903
2	519.9268558893278
2	520.1850375972022
2	520.5004511292444
2	521.2129130145262
2	521.2981741848937
2	523.6464719615091
2	523.7823576728256
2	524.6633225608091
2	524.6904310006369
2	525.0974128833323
2	525.5426553014655
2	526.2843362753443
2	526.2870430422604
2	526.3278707080194
2	526.3482457261482
2	527.2734936539372
2	527.3360935409053
2	527.3923002751263
2	527.4382121407793
2	527.7998731165188
2	528.3972751443043
2	528.4123733358356
2	528.5078611274173
2	528.5104377004816
2	528.5923494828681
2	528.5996465958461
2	528.8333229879898
2	529.3047003444061
2	529.4361765306636
2	529.4904894902722
2	530.2031804279621
2	531.2530824913971
2	531.2622597354382
2	531.6933740440325
2	531.8424259617942
2	532.1267975238292
2	532.4725781312699
2	534.0235015033497
1	534.066365681417
1	534.0760324419878
1	534.0941506209167
1	534.0997033786134
1	534.119265252832
1	534.1319050225454
1	534.1394294379761
1	534.152972920529
1	534.164250888165
1	534.1953856094494
1	534.2040506640175
1	534.2067287092789
1	534.2293380443429
1	534.2577847424183
2	534.4605488249607
2	535.2507327041408
2	535.402711552609
2	535.4370917662053
2	535.5988966529454
2	536.1254372182314
2	536.2365264755248
2	537.0942812766771
1	537.2718235825512
1	537.3101278377779
1	537.3139999868055
1	537.3169678511059
1	537.3290135143867
1	537.3552050474785
1	537.3584964599295
1	537.3621439821798
1	537.3676421119796
1	537.3748634041683
1	537.381789906735
1	537.3834214510847
1	537.4129095764309
1	537.4296962361941
2	537.7726313843447
2	538.7569782256576
2	538.9618241155116
2	538.9795358044933
2	539.304576179208
2	542.4592549315262
2	542.6609030178912
2	543.3659973984568
2	543.7494234911413
2	543.9916328038311
2	544.0316207830205
2	544.0684141409046
2	544.3468429883874
2	544.7337290333696
2	544.7618278249386
2	545.1138222159632
2	545.1924205335362
2	546.9620074751722
2	547.5671913317751
2	547.7503738446292
1	548.4412926569211
1	548.4596901865203
1	548.468302828954
1	548.4859774402307
1	548.4860603010102
1	548.5217953663002
1	548.5242182506188
1	548.5395218403
1	548.5497603071389
1	548.5509268341448
1	548.5564687748187
2	548.5762847479574
1	548.5908521048243
1	548.6064511492593
1	548.6159083865881
2	548.6235489434932
2	548.6517852584773
2	548.7164711058944
2	549.0081356463697
2	549.3372916659472
2	550.1344530718377
2	550.2176957703927
2	550.3178902662405
2	550.8706936866804
2	551.1662184025492
2	551.2020932329918
2	551.6801750991151
2	552.1638785634187
2	552.2229298768721
2	552.2321910737826
2	552.2840820109016
2	552.3006224795931
2	552.3110431686418
2	552.4835116282525
2	552.5061527438404
2	553.0631926801664
2	554.0487895068293
2	554.0839079354506
2	555.1657129128085
2	555.1993683478098
2	555.6522171389255
2	557.8510539358671
2	558.7542877036279
2	559.1276920604321
2	559.1913089345946
2	559.222246432984
2	559.2691442017666
2	559.2883419622202
2	560.8986152273787
2	560.9346223252353
2	560.9413298675353
2	561.240724898548
2	561.4539458384332
2	562.703373099199
2	565.5564672089234
2	565.6073976193898
2	565.6176410492226
2	566.0518473709408
2	567.2778266770556
2	567.5849771445198
2	567.7968166462001
2	567.8163129042966
2	568.2481357021744
2	570.8539624131985
2	571.4658443222738
2	571.6731266832367
2	572.5919072553883
2	572.9649250688379
2	574.7770147588122
2	576.417083838142
2	577.9560521663824
2	583.2685013551029
2	590.1532127869559
2	591.4908034558197
2	591.5054126627348
2	598.1466969326956
2	599.8117426208661
2	600.7189111841436
2	601.6693839574567
2	606.4513531193021
2	606.882511815454
2	607.1451066013557
2	609.0902099923828
2	609.0902858331187
2	613.5254194919577
2	613.8721670070755
2	614.0015428925441
2	615.3434135440808
2	622.14372088076
2	623.6818331304502
2	624.5002897452181
2	625.4850018947387
2	630.1990775838616
2	630.6810148344898
2	632.9365682547244
2	633.0057679238301
2	637.3713731136044
2	637.7682305335353
