120
10
20
30
40
50
60
70
80
90
100
110
120
130
140
150
160
51
52
53
54
131
132
133
134
61
62
73
72
71
141
142
143
144
81
82
83
91
92
151
152
153
154
101
102
103
111
112
113
161
162
163
164
165
166
126
125
124
123
122
121
210
220
230
240
250
260
270
280
290
300
310
320
330
340
350
360
251
252
253
254
331
332
333
334
261
262
273
272
271
341
342
343
344
281
282
283
291
292
351
352
353
354
301
302
303
311
312
313
361
362
363
364
365
366
326
325
324
323
322
321
5 3 13 3 6 3 2 1
1 1 7 3 14 3 8 3 3 1
2 1 8 3 9 3 15 3 10 3 4 1
3 1 11 3 16 3 12 3 61 1
1 0 17 3 18 3 19 3 20 3 13 1
1 0 7 1 26 3 25 3 13 3
6 1 2 0 27 3 28 3 29 3
2 0 3 0 14 1 36 3 35 3 34 3
3 0 37 3 38 3
3 0 43 3 44 3 45 3
4 0 46 3 47 3 48 3
4 0 55 3 56 3 57 3 58 3 59 3 60 3
1 0 6 0 5 1 21 3 22 3 23 3 24 3
2 0 8 1 30 3 31 3 32 3 33 3
3 0 16 1 39 3 40 3 41 3 42 3
4 0 15 1 49 3 50 3 51 3 52 3 53 3 54 3
5 0 18 1
17 1 5 0
5 0
5 0
13 0
13 0 23 1
13 0 22 1
13 0
6 0
6 0
7 0
7 0
7 0
14 0
14 0
14 0
14 0
8 0
8 0
8 0
9 0
9 0
15 0 40 1
15 0
15 0
15 0
10 0
10 0 45 1
10 0 44 1
11 0
11 0
11 0
16 0
16 0
16 0
16 0 53 1
16 0 52 1
16 0
12 0
12 0
12 0
12 0
12 0
12 0
65 3 73 3 66 3 62 1 4 1
61 1 67 3 74 3 68 3 63 1
62 1 68 3 69 3 75 3 70 3 64 1
63 1 71 3 76 3 72 3
61 0 77 3 78 3 79 3 80 3 73 1
61 0 67 1 86 3 85 3 73 3
66 1 62 0 87 3 88 3 89 3
62 0 63 0 74 1 96 3 95 3 94 3
63 0 97 3 98 3
63 0 103 3 104 3 105 3
64 0 106 3 107 3 108 3
64 0 115 3 116 3 117 3 118 3 119 3 120 3
61 0 66 0 65 1 81 3 82 3 83 3 84 3
62 0 68 1 90 3 91 3 92 3 93 3
63 0 76 1 99 3 100 3 101 3 102 3
64 0 75 1 109 3 110 3 111 3 112 3 113 3 114 3
65 0 78 1
77 1 65 0
65 0
65 0
73 0
73 0 83 1
73 0 82 1
73 0
66 0
66 0
67 0
67 0
67 0
74 0
74 0
74 0
74 0
68 0
68 0
68 0
69 0
69 0
75 0 100 1
75 0
75 0
75 0
70 0
70 0 105 1
70 0 104 1
71 0
71 0
71 0
76 0
76 0
76 0
76 0 113 1
76 0 112 1
76 0
72 0
72 0
72 0
72 0
72 0
72 0