1  2501	5001	7501
2	2502	5002	7502
3	2503	5003	7503
4	2504	5004	7504
5	2505	5005	7505
6	2506	5006	7506
7	2507	5007	7507
8	2508	5008	7508
9	2509	5009	7509
10	2510	5010	7510
11	2511	5011	7511
12	2512	5012	7512
13	2513	5013	7513
14	2514	5014	7514
15	2515	5015	7515
16	2516	5016	7516
17	2517	5017	7517
18	2518	5018	7518
19	2519	5019	7519
20	2520	5020	7520
21	2521	5021	7521
22	2522	5022	7522
23	2523	5023	7523
24	2524	5024	7524
25	2525	5025	7525
26	2526	5026	7526
27	2527	5027	7527
28	2528	5028	7528
29	2529	5029	7529
30	2530	5030	7530
31	2531	5031	7531
32	2532	5032	7532
33	2533	5033	7533
34	2534	5034	7534
35	2535	5035	7535
36	2536	5036	7536
37	2537	5037	7537
38	2538	5038	7538
39	2539	5039	7539
40	2540	5040	7540
41	2541	5041	7541
42	2542	5042	7542
43	2543	5043	7543
44	2544	5044	7544
45	2545	5045	7545
46	2546	5046	7546
47	2547	5047	7547
48	2548	5048	7548
49	2549	5049	7549
50	2550	5050	7550
51	2551	5051	7551
52	2552	5052	7552
53	2553	5053	7553
54	2554	5054	7554
55	2555	5055	7555
56	2556	5056	7556
57	2557	5057	7557
58	2558	5058	7558
59	2559	5059	7559
60	2560	5060	7560
61	2561	5061	7561
62	2562	5062	7562
63	2563	5063	7563
64	2564	5064	7564
65	2565	5065	7565
66	2566	5066	7566
67	2567	5067	7567
68	2568	5068	7568
69	2569	5069	7569
70	2570	5070	7570
71	2571	5071	7571
72	2572	5072	7572
73	2573	5073	7573
74	2574	5074	7574
75	2575	5075	7575
76	2576	5076	7576
77	2577	5077	7577
78	2578	5078	7578
79	2579	5079	7579
80	2580	5080	7580
81	2581	5081	7581
82	2582	5082	7582
83	2583	5083	7583
84	2584	5084	7584
85	2585	5085	7585
86	2586	5086	7586
87	2587	5087	7587
88	2588	5088	7588
89	2589	5089	7589
90	2590	5090	7590
91	2591	5091	7591
92	2592	5092	7592
93	2593	5093	7593
94	2594	5094	7594
95	2595	5095	7595
96	2596	5096	7596
97	2597	5097	7597
98	2598	5098	7598
99	2599	5099	7599
100	2600	5100	7600
101	2601	5101	7601
102	2602	5102	7602
103	2603	5103	7603
104	2604	5104	7604
105	2605	5105	7605
106	2606	5106	7606
107	2607	5107	7607
108	2608	5108	7608
109	2609	5109	7609
110	2610	5110	7610
111	2611	5111	7611
112	2612	5112	7612
113	2613	5113	7613
114	2614	5114	7614
115	2615	5115	7615
116	2616	5116	7616
117	2617	5117	7617
118	2618	5118	7618
119	2619	5119	7619
120	2620	5120	7620
121	2621	5121	7621
122	2622	5122	7622
123	2623	5123	7623
124	2624	5124	7624
125	2625	5125	7625
126	2626	5126	7626
127	2627	5127	7627
128	2628	5128	7628
129	2629	5129	7629
130	2630	5130	7630
131	2631	5131	7631
132	2632	5132	7632
133	2633	5133	7633
134	2634	5134	7634
135	2635	5135	7635
136	2636	5136	7636
137	2637	5137	7637
138	2638	5138	7638
139	2639	5139	7639
140	2640	5140	7640
141	2641	5141	7641
142	2642	5142	7642
143	2643	5143	7643
144	2644	5144	7644
145	2645	5145	7645
146	2646	5146	7646
147	2647	5147	7647
148	2648	5148	7648
149	2649	5149	7649
150	2650	5150	7650
151	2651	5151	7651
152	2652	5152	7652
153	2653	5153	7653
154	2654	5154	7654
155	2655	5155	7655
156	2656	5156	7656
157	2657	5157	7657
158	2658	5158	7658
159	2659	5159	7659
160	2660	5160	7660
161	2661	5161	7661
162	2662	5162	7662
163	2663	5163	7663
164	2664	5164	7664
165	2665	5165	7665
166	2666	5166	7666
167	2667	5167	7667
168	2668	5168	7668
169	2669	5169	7669
170	2670	5170	7670
171	2671	5171	7671
172	2672	5172	7672
173	2673	5173	7673
174	2674	5174	7674
175	2675	5175	7675
176	2676	5176	7676
177	2677	5177	7677
178	2678	5178	7678
179	2679	5179	7679
180	2680	5180	7680
181	2681	5181	7681
182	2682	5182	7682
183	2683	5183	7683
184	2684	5184	7684
185	2685	5185	7685
186	2686	5186	7686
187	2687	5187	7687
188	2688	5188	7688
189	2689	5189	7689
190	2690	5190	7690
191	2691	5191	7691
192	2692	5192	7692
193	2693	5193	7693
194	2694	5194	7694
195	2695	5195	7695
196	2696	5196	7696
197	2697	5197	7697
198	2698	5198	7698
199	2699	5199	7699
200	2700	5200	7700
201	2701	5201	7701
202	2702	5202	7702
203	2703	5203	7703
204	2704	5204	7704
205	2705	5205	7705
206	2706	5206	7706
207	2707	5207	7707
208	2708	5208	7708
209	2709	5209	7709
210	2710	5210	7710
211	2711	5211	7711
212	2712	5212	7712
213	2713	5213	7713
214	2714	5214	7714
215	2715	5215	7715
216	2716	5216	7716
217	2717	5217	7717
218	2718	5218	7718
219	2719	5219	7719
220	2720	5220	7720
221	2721	5221	7721
222	2722	5222	7722
223	2723	5223	7723
224	2724	5224	7724
225	2725	5225	7725
226	2726	5226	7726
227	2727	5227	7727
228	2728	5228	7728
229	2729	5229	7729
230	2730	5230	7730
231	2731	5231	7731
232	2732	5232	7732
233	2733	5233	7733
234	2734	5234	7734
235	2735	5235	7735
236	2736	5236	7736
237	2737	5237	7737
238	2738	5238	7738
239	2739	5239	7739
240	2740	5240	7740
241	2741	5241	7741
242	2742	5242	7742
243	2743	5243	7743
244	2744	5244	7744
245	2745	5245	7745
246	2746	5246	7746
247	2747	5247	7747
248	2748	5248	7748
249	2749	5249	7749
250	2750	5250	7750
251	2751	5251	7751
252	2752	5252	7752
253	2753	5253	7753
254	2754	5254	7754
255	2755	5255	7755
256	2756	5256	7756
257	2757	5257	7757
258	2758	5258	7758
259	2759	5259	7759
260	2760	5260	7760
261	2761	5261	7761
262	2762	5262	7762
263	2763	5263	7763
264	2764	5264	7764
265	2765	5265	7765
266	2766	5266	7766
267	2767	5267	7767
268	2768	5268	7768
269	2769	5269	7769
270	2770	5270	7770
271	2771	5271	7771
272	2772	5272	7772
273	2773	5273	7773
274	2774	5274	7774
275	2775	5275	7775
276	2776	5276	7776
277	2777	5277	7777
278	2778	5278	7778
279	2779	5279	7779
280	2780	5280	7780
281	2781	5281	7781
282	2782	5282	7782
283	2783	5283	7783
284	2784	5284	7784
285	2785	5285	7785
286	2786	5286	7786
287	2787	5287	7787
288	2788	5288	7788
289	2789	5289	7789
290	2790	5290	7790
291	2791	5291	7791
292	2792	5292	7792
293	2793	5293	7793
294	2794	5294	7794
295	2795	5295	7795
296	2796	5296	7796
297	2797	5297	7797
298	2798	5298	7798
299	2799	5299	7799
300	2800	5300	7800
301	2801	5301	7801
302	2802	5302	7802
303	2803	5303	7803
304	2804	5304	7804
305	2805	5305	7805
306	2806	5306	7806
307	2807	5307	7807
308	2808	5308	7808
309	2809	5309	7809
310	2810	5310	7810
311	2811	5311	7811
312	2812	5312	7812
313	2813	5313	7813
314	2814	5314	7814
315	2815	5315	7815
316	2816	5316	7816
317	2817	5317	7817
318	2818	5318	7818
319	2819	5319	7819
320	2820	5320	7820
321	2821	5321	7821
322	2822	5322	7822
323	2823	5323	7823
324	2824	5324	7824
325	2825	5325	7825
326	2826	5326	7826
327	2827	5327	7827
328	2828	5328	7828
329	2829	5329	7829
330	2830	5330	7830
331	2831	5331	7831
332	2832	5332	7832
333	2833	5333	7833
334	2834	5334	7834
335	2835	5335	7835
336	2836	5336	7836
337	2837	5337	7837
338	2838	5338	7838
339	2839	5339	7839
340	2840	5340	7840
341	2841	5341	7841
342	2842	5342	7842
343	2843	5343	7843
344	2844	5344	7844
345	2845	5345	7845
346	2846	5346	7846
347	2847	5347	7847
348	2848	5348	7848
349	2849	5349	7849
350	2850	5350	7850
351	2851	5351	7851
352	2852	5352	7852
353	2853	5353	7853
354	2854	5354	7854
355	2855	5355	7855
356	2856	5356	7856
357	2857	5357	7857
358	2858	5358	7858
359	2859	5359	7859
360	2860	5360	7860
361	2861	5361	7861
362	2862	5362	7862
363	2863	5363	7863
364	2864	5364	7864
365	2865	5365	7865
366	2866	5366	7866
367	2867	5367	7867
368	2868	5368	7868
369	2869	5369	7869
370	2870	5370	7870
371	2871	5371	7871
372	2872	5372	7872
373	2873	5373	7873
374	2874	5374	7874
375	2875	5375	7875
376	2876	5376	7876
377	2877	5377	7877
378	2878	5378	7878
379	2879	5379	7879
380	2880	5380	7880
381	2881	5381	7881
382	2882	5382	7882
383	2883	5383	7883
384	2884	5384	7884
385	2885	5385	7885
386	2886	5386	7886
387	2887	5387	7887
388	2888	5388	7888
389	2889	5389	7889
390	2890	5390	7890
391	2891	5391	7891
392	2892	5392	7892
393	2893	5393	7893
394	2894	5394	7894
395	2895	5395	7895
396	2896	5396	7896
397	2897	5397	7897
398	2898	5398	7898
399	2899	5399	7899
400	2900	5400	7900
401	2901	5401	7901
402	2902	5402	7902
403	2903	5403	7903
404	2904	5404	7904
405	2905	5405	7905
406	2906	5406	7906
407	2907	5407	7907
408	2908	5408	7908
409	2909	5409	7909
410	2910	5410	7910
411	2911	5411	7911
412	2912	5412	7912
413	2913	5413	7913
414	2914	5414	7914
415	2915	5415	7915
416	2916	5416	7916
417	2917	5417	7917
418	2918	5418	7918
419	2919	5419	7919
420	2920	5420	7920
421	2921	5421	7921
422	2922	5422	7922
423	2923	5423	7923
424	2924	5424	7924
425	2925	5425	7925
426	2926	5426	7926
427	2927	5427	7927
428	2928	5428	7928
429	2929	5429	7929
430	2930	5430	7930
431	2931	5431	7931
432	2932	5432	7932
433	2933	5433	7933
434	2934	5434	7934
435	2935	5435	7935
436	2936	5436	7936
437	2937	5437	7937
438	2938	5438	7938
439	2939	5439	7939
440	2940	5440	7940
441	2941	5441	7941
442	2942	5442	7942
443	2943	5443	7943
444	2944	5444	7944
445	2945	5445	7945
446	2946	5446	7946
447	2947	5447	7947
448	2948	5448	7948
449	2949	5449	7949
450	2950	5450	7950
451	2951	5451	7951
452	2952	5452	7952
453	2953	5453	7953
454	2954	5454	7954
455	2955	5455	7955
456	2956	5456	7956
457	2957	5457	7957
458	2958	5458	7958
459	2959	5459	7959
460	2960	5460	7960
461	2961	5461	7961
462	2962	5462	7962
463	2963	5463	7963
464	2964	5464	7964
465	2965	5465	7965
466	2966	5466	7966
467	2967	5467	7967
468	2968	5468	7968
469	2969	5469	7969
470	2970	5470	7970
471	2971	5471	7971
472	2972	5472	7972
473	2973	5473	7973
474	2974	5474	7974
475	2975	5475	7975
476	2976	5476	7976
477	2977	5477	7977
478	2978	5478	7978
479	2979	5479	7979
480	2980	5480	7980
481	2981	5481	7981
482	2982	5482	7982
483	2983	5483	7983
484	2984	5484	7984
485	2985	5485	7985
486	2986	5486	7986
487	2987	5487	7987
488	2988	5488	7988
489	2989	5489	7989
490	2990	5490	7990
491	2991	5491	7991
492	2992	5492	7992
493	2993	5493	7993
494	2994	5494	7994
495	2995	5495	7995
496	2996	5496	7996
497	2997	5497	7997
498	2998	5498	7998
499	2999	5499	7999
500	3000	5500	8000
501	3001	5501	8001
502	3002	5502	8002
503	3003	5503	8003
504	3004	5504	8004
505	3005	5505	8005
506	3006	5506	8006
507	3007	5507	8007
508	3008	5508	8008
509	3009	5509	8009
510	3010	5510	8010
511	3011	5511	8011
512	3012	5512	8012
513	3013	5513	8013
514	3014	5514	8014
515	3015	5515	8015
516	3016	5516	8016
517	3017	5517	8017
518	3018	5518	8018
519	3019	5519	8019
520	3020	5520	8020
521	3021	5521	8021
522	3022	5522	8022
523	3023	5523	8023
524	3024	5524	8024
525	3025	5525	8025
526	3026	5526	8026
527	3027	5527	8027
528	3028	5528	8028
529	3029	5529	8029
530	3030	5530	8030
531	3031	5531	8031
532	3032	5532	8032
533	3033	5533	8033
534	3034	5534	8034
535	3035	5535	8035
536	3036	5536	8036
537	3037	5537	8037
538	3038	5538	8038
539	3039	5539	8039
540	3040	5540	8040
541	3041	5541	8041
542	3042	5542	8042
543	3043	5543	8043
544	3044	5544	8044
545	3045	5545	8045
546	3046	5546	8046
547	3047	5547	8047
548	3048	5548	8048
549	3049	5549	8049
550	3050	5550	8050
551	3051	5551	8051
552	3052	5552	8052
553	3053	5553	8053
554	3054	5554	8054
555	3055	5555	8055
556	3056	5556	8056
557	3057	5557	8057
558	3058	5558	8058
559	3059	5559	8059
560	3060	5560	8060
561	3061	5561	8061
562	3062	5562	8062
563	3063	5563	8063
564	3064	5564	8064
565	3065	5565	8065
566	3066	5566	8066
567	3067	5567	8067
568	3068	5568	8068
569	3069	5569	8069
570	3070	5570	8070
571	3071	5571	8071
572	3072	5572	8072
573	3073	5573	8073
574	3074	5574	8074
575	3075	5575	8075
576	3076	5576	8076
577	3077	5577	8077
578	3078	5578	8078
579	3079	5579	8079
580	3080	5580	8080
581	3081	5581	8081
582	3082	5582	8082
583	3083	5583	8083
584	3084	5584	8084
585	3085	5585	8085
586	3086	5586	8086
587	3087	5587	8087
588	3088	5588	8088
589	3089	5589	8089
590	3090	5590	8090
591	3091	5591	8091
592	3092	5592	8092
593	3093	5593	8093
594	3094	5594	8094
595	3095	5595	8095
596	3096	5596	8096
597	3097	5597	8097
598	3098	5598	8098
599	3099	5599	8099
600	3100	5600	8100
601	3101	5601	8101
602	3102	5602	8102
603	3103	5603	8103
604	3104	5604	8104
605	3105	5605	8105
606	3106	5606	8106
607	3107	5607	8107
608	3108	5608	8108
609	3109	5609	8109
610	3110	5610	8110
611	3111	5611	8111
612	3112	5612	8112
613	3113	5613	8113
614	3114	5614	8114
615	3115	5615	8115
616	3116	5616	8116
617	3117	5617	8117
618	3118	5618	8118
619	3119	5619	8119
620	3120	5620	8120
621	3121	5621	8121
622	3122	5622	8122
623	3123	5623	8123
624	3124	5624	8124
625	3125	5625	8125
626	3126	5626	8126
627	3127	5627	8127
628	3128	5628	8128
629	3129	5629	8129
630	3130	5630	8130
631	3131	5631	8131
632	3132	5632	8132
633	3133	5633	8133
634	3134	5634	8134
635	3135	5635	8135
636	3136	5636	8136
637	3137	5637	8137
638	3138	5638	8138
639	3139	5639	8139
640	3140	5640	8140
641	3141	5641	8141
642	3142	5642	8142
643	3143	5643	8143
644	3144	5644	8144
645	3145	5645	8145
646	3146	5646	8146
647	3147	5647	8147
648	3148	5648	8148
649	3149	5649	8149
650	3150	5650	8150
651	3151	5651	8151
652	3152	5652	8152
653	3153	5653	8153
654	3154	5654	8154
655	3155	5655	8155
656	3156	5656	8156
657	3157	5657	8157
658	3158	5658	8158
659	3159	5659	8159
660	3160	5660	8160
661	3161	5661	8161
662	3162	5662	8162
663	3163	5663	8163
664	3164	5664	8164
665	3165	5665	8165
666	3166	5666	8166
667	3167	5667	8167
668	3168	5668	8168
669	3169	5669	8169
670	3170	5670	8170
671	3171	5671	8171
672	3172	5672	8172
673	3173	5673	8173
674	3174	5674	8174
675	3175	5675	8175
676	3176	5676	8176
677	3177	5677	8177
678	3178	5678	8178
679	3179	5679	8179
680	3180	5680	8180
681	3181	5681	8181
682	3182	5682	8182
683	3183	5683	8183
684	3184	5684	8184
685	3185	5685	8185
686	3186	5686	8186
687	3187	5687	8187
688	3188	5688	8188
689	3189	5689	8189
690	3190	5690	8190
691	3191	5691	8191
692	3192	5692	8192
693	3193	5693	8193
694	3194	5694	8194
695	3195	5695	8195
696	3196	5696	8196
697	3197	5697	8197
698	3198	5698	8198
699	3199	5699	8199
700	3200	5700	8200
701	3201	5701	8201
702	3202	5702	8202
703	3203	5703	8203
704	3204	5704	8204
705	3205	5705	8205
706	3206	5706	8206
707	3207	5707	8207
708	3208	5708	8208
709	3209	5709	8209
710	3210	5710	8210
711	3211	5711	8211
712	3212	5712	8212
713	3213	5713	8213
714	3214	5714	8214
715	3215	5715	8215
716	3216	5716	8216
717	3217	5717	8217
718	3218	5718	8218
719	3219	5719	8219
720	3220	5720	8220
721	3221	5721	8221
722	3222	5722	8222
723	3223	5723	8223
724	3224	5724	8224
725	3225	5725	8225
726	3226	5726	8226
727	3227	5727	8227
728	3228	5728	8228
729	3229	5729	8229
730	3230	5730	8230
731	3231	5731	8231
732	3232	5732	8232
733	3233	5733	8233
734	3234	5734	8234
735	3235	5735	8235
736	3236	5736	8236
737	3237	5737	8237
738	3238	5738	8238
739	3239	5739	8239
740	3240	5740	8240
741	3241	5741	8241
742	3242	5742	8242
743	3243	5743	8243
744	3244	5744	8244
745	3245	5745	8245
746	3246	5746	8246
747	3247	5747	8247
748	3248	5748	8248
749	3249	5749	8249
750	3250	5750	8250
751	3251	5751	8251
752	3252	5752	8252
753	3253	5753	8253
754	3254	5754	8254
755	3255	5755	8255
756	3256	5756	8256
757	3257	5757	8257
758	3258	5758	8258
759	3259	5759	8259
760	3260	5760	8260
761	3261	5761	8261
762	3262	5762	8262
763	3263	5763	8263
764	3264	5764	8264
765	3265	5765	8265
766	3266	5766	8266
767	3267	5767	8267
768	3268	5768	8268
769	3269	5769	8269
770	3270	5770	8270
771	3271	5771	8271
772	3272	5772	8272
773	3273	5773	8273
774	3274	5774	8274
775	3275	5775	8275
776	3276	5776	8276
777	3277	5777	8277
778	3278	5778	8278
779	3279	5779	8279
780	3280	5780	8280
781	3281	5781	8281
782	3282	5782	8282
783	3283	5783	8283
784	3284	5784	8284
785	3285	5785	8285
786	3286	5786	8286
787	3287	5787	8287
788	3288	5788	8288
789	3289	5789	8289
790	3290	5790	8290
791	3291	5791	8291
792	3292	5792	8292
793	3293	5793	8293
794	3294	5794	8294
795	3295	5795	8295
796	3296	5796	8296
797	3297	5797	8297
798	3298	5798	8298
799	3299	5799	8299
800	3300	5800	8300
801	3301	5801	8301
802	3302	5802	8302
803	3303	5803	8303
804	3304	5804	8304
805	3305	5805	8305
806	3306	5806	8306
807	3307	5807	8307
808	3308	5808	8308
809	3309	5809	8309
810	3310	5810	8310
811	3311	5811	8311
812	3312	5812	8312
813	3313	5813	8313
814	3314	5814	8314
815	3315	5815	8315
816	3316	5816	8316
817	3317	5817	8317
818	3318	5818	8318
819	3319	5819	8319
820	3320	5820	8320
821	3321	5821	8321
822	3322	5822	8322
823	3323	5823	8323
824	3324	5824	8324
825	3325	5825	8325
826	3326	5826	8326
827	3327	5827	8327
828	3328	5828	8328
829	3329	5829	8329
830	3330	5830	8330
831	3331	5831	8331
832	3332	5832	8332
833	3333	5833	8333
834	3334	5834	8334
835	3335	5835	8335
836	3336	5836	8336
837	3337	5837	8337
838	3338	5838	8338
839	3339	5839	8339
840	3340	5840	8340
841	3341	5841	8341
842	3342	5842	8342
843	3343	5843	8343
844	3344	5844	8344
845	3345	5845	8345
846	3346	5846	8346
847	3347	5847	8347
848	3348	5848	8348
849	3349	5849	8349
850	3350	5850	8350
851	3351	5851	8351
852	3352	5852	8352
853	3353	5853	8353
854	3354	5854	8354
855	3355	5855	8355
856	3356	5856	8356
857	3357	5857	8357
858	3358	5858	8358
859	3359	5859	8359
860	3360	5860	8360
861	3361	5861	8361
862	3362	5862	8362
863	3363	5863	8363
864	3364	5864	8364
865	3365	5865	8365
866	3366	5866	8366
867	3367	5867	8367
868	3368	5868	8368
869	3369	5869	8369
870	3370	5870	8370
871	3371	5871	8371
872	3372	5872	8372
873	3373	5873	8373
874	3374	5874	8374
875	3375	5875	8375
876	3376	5876	8376
877	3377	5877	8377
878	3378	5878	8378
879	3379	5879	8379
880	3380	5880	8380
881	3381	5881	8381
882	3382	5882	8382
883	3383	5883	8383
884	3384	5884	8384
885	3385	5885	8385
886	3386	5886	8386
887	3387	5887	8387
888	3388	5888	8388
889	3389	5889	8389
890	3390	5890	8390
891	3391	5891	8391
892	3392	5892	8392
893	3393	5893	8393
894	3394	5894	8394
895	3395	5895	8395
896	3396	5896	8396
897	3397	5897	8397
898	3398	5898	8398
899	3399	5899	8399
900	3400	5900	8400
901	3401	5901	8401
902	3402	5902	8402
903	3403	5903	8403
904	3404	5904	8404
905	3405	5905	8405
906	3406	5906	8406
907	3407	5907	8407
908	3408	5908	8408
909	3409	5909	8409
910	3410	5910	8410
911	3411	5911	8411
912	3412	5912	8412
913	3413	5913	8413
914	3414	5914	8414
915	3415	5915	8415
916	3416	5916	8416
917	3417	5917	8417
918	3418	5918	8418
919	3419	5919	8419
920	3420	5920	8420
921	3421	5921	8421
922	3422	5922	8422
923	3423	5923	8423
924	3424	5924	8424
925	3425	5925	8425
926	3426	5926	8426
927	3427	5927	8427
928	3428	5928	8428
929	3429	5929	8429
930	3430	5930	8430
931	3431	5931	8431
932	3432	5932	8432
933	3433	5933	8433
934	3434	5934	8434
935	3435	5935	8435
936	3436	5936	8436
937	3437	5937	8437
938	3438	5938	8438
939	3439	5939	8439
940	3440	5940	8440
941	3441	5941	8441
942	3442	5942	8442
943	3443	5943	8443
944	3444	5944	8444
945	3445	5945	8445
946	3446	5946	8446
947	3447	5947	8447
948	3448	5948	8448
949	3449	5949	8449
950	3450	5950	8450
951	3451	5951	8451
952	3452	5952	8452
953	3453	5953	8453
954	3454	5954	8454
955	3455	5955	8455
956	3456	5956	8456
957	3457	5957	8457
958	3458	5958	8458
959	3459	5959	8459
960	3460	5960	8460
961	3461	5961	8461
962	3462	5962	8462
963	3463	5963	8463
964	3464	5964	8464
965	3465	5965	8465
966	3466	5966	8466
967	3467	5967	8467
968	3468	5968	8468
969	3469	5969	8469
970	3470	5970	8470
971	3471	5971	8471
972	3472	5972	8472
973	3473	5973	8473
974	3474	5974	8474
975	3475	5975	8475
976	3476	5976	8476
977	3477	5977	8477
978	3478	5978	8478
979	3479	5979	8479
980	3480	5980	8480
981	3481	5981	8481
982	3482	5982	8482
983	3483	5983	8483
984	3484	5984	8484
985	3485	5985	8485
986	3486	5986	8486
987	3487	5987	8487
988	3488	5988	8488
989	3489	5989	8489
990	3490	5990	8490
991	3491	5991	8491
992	3492	5992	8492
993	3493	5993	8493
994	3494	5994	8494
995	3495	5995	8495
996	3496	5996	8496
997	3497	5997	8497
998	3498	5998	8498
999	3499	5999	8499
1000	3500	6000	8500
1001	3501	6001	8501
1002	3502	6002	8502
1003	3503	6003	8503
1004	3504	6004	8504
1005	3505	6005	8505
1006	3506	6006	8506
1007	3507	6007	8507
1008	3508	6008	8508
1009	3509	6009	8509
1010	3510	6010	8510
1011	3511	6011	8511
1012	3512	6012	8512
1013	3513	6013	8513
1014	3514	6014	8514
1015	3515	6015	8515
1016	3516	6016	8516
1017	3517	6017	8517
1018	3518	6018	8518
1019	3519	6019	8519
1020	3520	6020	8520
1021	3521	6021	8521
1022	3522	6022	8522
1023	3523	6023	8523
1024	3524	6024	8524
1025	3525	6025	8525
1026	3526	6026	8526
1027	3527	6027	8527
1028	3528	6028	8528
1029	3529	6029	8529
1030	3530	6030	8530
1031	3531	6031	8531
1032	3532	6032	8532
1033	3533	6033	8533
1034	3534	6034	8534
1035	3535	6035	8535
1036	3536	6036	8536
1037	3537	6037	8537
1038	3538	6038	8538
1039	3539	6039	8539
1040	3540	6040	8540
1041	3541	6041	8541
1042	3542	6042	8542
1043	3543	6043	8543
1044	3544	6044	8544
1045	3545	6045	8545
1046	3546	6046	8546
1047	3547	6047	8547
1048	3548	6048	8548
1049	3549	6049	8549
1050	3550	6050	8550
1051	3551	6051	8551
1052	3552	6052	8552
1053	3553	6053	8553
1054	3554	6054	8554
1055	3555	6055	8555
1056	3556	6056	8556
1057	3557	6057	8557
1058	3558	6058	8558
1059	3559	6059	8559
1060	3560	6060	8560
1061	3561	6061	8561
1062	3562	6062	8562
1063	3563	6063	8563
1064	3564	6064	8564
1065	3565	6065	8565
1066	3566	6066	8566
1067	3567	6067	8567
1068	3568	6068	8568
1069	3569	6069	8569
1070	3570	6070	8570
1071	3571	6071	8571
1072	3572	6072	8572
1073	3573	6073	8573
1074	3574	6074	8574
1075	3575	6075	8575
1076	3576	6076	8576
1077	3577	6077	8577
1078	3578	6078	8578
1079	3579	6079	8579
1080	3580	6080	8580
1081	3581	6081	8581
1082	3582	6082	8582
1083	3583	6083	8583
1084	3584	6084	8584
1085	3585	6085	8585
1086	3586	6086	8586
1087	3587	6087	8587
1088	3588	6088	8588
1089	3589	6089	8589
1090	3590	6090	8590
1091	3591	6091	8591
1092	3592	6092	8592
1093	3593	6093	8593
1094	3594	6094	8594
1095	3595	6095	8595
1096	3596	6096	8596
1097	3597	6097	8597
1098	3598	6098	8598
1099	3599	6099	8599
1100	3600	6100	8600
1101	3601	6101	8601
1102	3602	6102	8602
1103	3603	6103	8603
1104	3604	6104	8604
1105	3605	6105	8605
1106	3606	6106	8606
1107	3607	6107	8607
1108	3608	6108	8608
1109	3609	6109	8609
1110	3610	6110	8610
1111	3611	6111	8611
1112	3612	6112	8612
1113	3613	6113	8613
1114	3614	6114	8614
1115	3615	6115	8615
1116	3616	6116	8616
1117	3617	6117	8617
1118	3618	6118	8618
1119	3619	6119	8619
1120	3620	6120	8620
1121	3621	6121	8621
1122	3622	6122	8622
1123	3623	6123	8623
1124	3624	6124	8624
1125	3625	6125	8625
1126	3626	6126	8626
1127	3627	6127	8627
1128	3628	6128	8628
1129	3629	6129	8629
1130	3630	6130	8630
1131	3631	6131	8631
1132	3632	6132	8632
1133	3633	6133	8633
1134	3634	6134	8634
1135	3635	6135	8635
1136	3636	6136	8636
1137	3637	6137	8637
1138	3638	6138	8638
1139	3639	6139	8639
1140	3640	6140	8640
1141	3641	6141	8641
1142	3642	6142	8642
1143	3643	6143	8643
1144	3644	6144	8644
1145	3645	6145	8645
1146	3646	6146	8646
1147	3647	6147	8647
1148	3648	6148	8648
1149	3649	6149	8649
1150	3650	6150	8650
1151	3651	6151	8651
1152	3652	6152	8652
1153	3653	6153	8653
1154	3654	6154	8654
1155	3655	6155	8655
1156	3656	6156	8656
1157	3657	6157	8657
1158	3658	6158	8658
1159	3659	6159	8659
1160	3660	6160	8660
1161	3661	6161	8661
1162	3662	6162	8662
1163	3663	6163	8663
1164	3664	6164	8664
1165	3665	6165	8665
1166	3666	6166	8666
1167	3667	6167	8667
1168	3668	6168	8668
1169	3669	6169	8669
1170	3670	6170	8670
1171	3671	6171	8671
1172	3672	6172	8672
1173	3673	6173	8673
1174	3674	6174	8674
1175	3675	6175	8675
1176	3676	6176	8676
1177	3677	6177	8677
1178	3678	6178	8678
1179	3679	6179	8679
1180	3680	6180	8680
1181	3681	6181	8681
1182	3682	6182	8682
1183	3683	6183	8683
1184	3684	6184	8684
1185	3685	6185	8685
1186	3686	6186	8686
1187	3687	6187	8687
1188	3688	6188	8688
1189	3689	6189	8689
1190	3690	6190	8690
1191	3691	6191	8691
1192	3692	6192	8692
1193	3693	6193	8693
1194	3694	6194	8694
1195	3695	6195	8695
1196	3696	6196	8696
1197	3697	6197	8697
1198	3698	6198	8698
1199	3699	6199	8699
1200	3700	6200	8700
1201	3701	6201	8701
1202	3702	6202	8702
1203	3703	6203	8703
1204	3704	6204	8704
1205	3705	6205	8705
1206	3706	6206	8706
1207	3707	6207	8707
1208	3708	6208	8708
1209	3709	6209	8709
1210	3710	6210	8710
1211	3711	6211	8711
1212	3712	6212	8712
1213	3713	6213	8713
1214	3714	6214	8714
1215	3715	6215	8715
1216	3716	6216	8716
1217	3717	6217	8717
1218	3718	6218	8718
1219	3719	6219	8719
1220	3720	6220	8720
1221	3721	6221	8721
1222	3722	6222	8722
1223	3723	6223	8723
1224	3724	6224	8724
1225	3725	6225	8725
1226	3726	6226	8726
1227	3727	6227	8727
1228	3728	6228	8728
1229	3729	6229	8729
1230	3730	6230	8730
1231	3731	6231	8731
1232	3732	6232	8732
1233	3733	6233	8733
1234	3734	6234	8734
1235	3735	6235	8735
1236	3736	6236	8736
1237	3737	6237	8737
1238	3738	6238	8738
1239	3739	6239	8739
1240	3740	6240	8740
1241	3741	6241	8741
1242	3742	6242	8742
1243	3743	6243	8743
1244	3744	6244	8744
1245	3745	6245	8745
1246	3746	6246	8746
1247	3747	6247	8747
1248	3748	6248	8748
1249	3749	6249	8749
1250	3750	6250	8750
1251	3751	6251	8751
1252	3752	6252	8752
1253	3753	6253	8753
1254	3754	6254	8754
1255	3755	6255	8755
1256	3756	6256	8756
1257	3757	6257	8757
1258	3758	6258	8758
1259	3759	6259	8759
1260	3760	6260	8760
1261	3761	6261	8761
1262	3762	6262	8762
1263	3763	6263	8763
1264	3764	6264	8764
1265	3765	6265	8765
1266	3766	6266	8766
1267	3767	6267	8767
1268	3768	6268	8768
1269	3769	6269	8769
1270	3770	6270	8770
1271	3771	6271	8771
1272	3772	6272	8772
1273	3773	6273	8773
1274	3774	6274	8774
1275	3775	6275	8775
1276	3776	6276	8776
1277	3777	6277	8777
1278	3778	6278	8778
1279	3779	6279	8779
1280	3780	6280	8780
1281	3781	6281	8781
1282	3782	6282	8782
1283	3783	6283	8783
1284	3784	6284	8784
1285	3785	6285	8785
1286	3786	6286	8786
1287	3787	6287	8787
1288	3788	6288	8788
1289	3789	6289	8789
1290	3790	6290	8790
1291	3791	6291	8791
1292	3792	6292	8792
1293	3793	6293	8793
1294	3794	6294	8794
1295	3795	6295	8795
1296	3796	6296	8796
1297	3797	6297	8797
1298	3798	6298	8798
1299	3799	6299	8799
1300	3800	6300	8800
1301	3801	6301	8801
1302	3802	6302	8802
1303	3803	6303	8803
1304	3804	6304	8804
1305	3805	6305	8805
1306	3806	6306	8806
1307	3807	6307	8807
1308	3808	6308	8808
1309	3809	6309	8809
1310	3810	6310	8810
1311	3811	6311	8811
1312	3812	6312	8812
1313	3813	6313	8813
1314	3814	6314	8814
1315	3815	6315	8815
1316	3816	6316	8816
1317	3817	6317	8817
1318	3818	6318	8818
1319	3819	6319	8819
1320	3820	6320	8820
1321	3821	6321	8821
1322	3822	6322	8822
1323	3823	6323	8823
1324	3824	6324	8824
1325	3825	6325	8825
1326	3826	6326	8826
1327	3827	6327	8827
1328	3828	6328	8828
1329	3829	6329	8829
1330	3830	6330	8830
1331	3831	6331	8831
1332	3832	6332	8832
1333	3833	6333	8833
1334	3834	6334	8834
1335	3835	6335	8835
1336	3836	6336	8836
1337	3837	6337	8837
1338	3838	6338	8838
1339	3839	6339	8839
1340	3840	6340	8840
1341	3841	6341	8841
1342	3842	6342	8842
1343	3843	6343	8843
1344	3844	6344	8844
1345	3845	6345	8845
1346	3846	6346	8846
1347	3847	6347	8847
1348	3848	6348	8848
1349	3849	6349	8849
1350	3850	6350	8850
1351	3851	6351	8851
1352	3852	6352	8852
1353	3853	6353	8853
1354	3854	6354	8854
1355	3855	6355	8855
1356	3856	6356	8856
1357	3857	6357	8857
1358	3858	6358	8858
1359	3859	6359	8859
1360	3860	6360	8860
1361	3861	6361	8861
1362	3862	6362	8862
1363	3863	6363	8863
1364	3864	6364	8864
1365	3865	6365	8865
1366	3866	6366	8866
1367	3867	6367	8867
1368	3868	6368	8868
1369	3869	6369	8869
1370	3870	6370	8870
1371	3871	6371	8871
1372	3872	6372	8872
1373	3873	6373	8873
1374	3874	6374	8874
1375	3875	6375	8875
1376	3876	6376	8876
1377	3877	6377	8877
1378	3878	6378	8878
1379	3879	6379	8879
1380	3880	6380	8880
1381	3881	6381	8881
1382	3882	6382	8882
1383	3883	6383	8883
1384	3884	6384	8884
1385	3885	6385	8885
1386	3886	6386	8886
1387	3887	6387	8887
1388	3888	6388	8888
1389	3889	6389	8889
1390	3890	6390	8890
1391	3891	6391	8891
1392	3892	6392	8892
1393	3893	6393	8893
1394	3894	6394	8894
1395	3895	6395	8895
1396	3896	6396	8896
1397	3897	6397	8897
1398	3898	6398	8898
1399	3899	6399	8899
1400	3900	6400	8900
1401	3901	6401	8901
1402	3902	6402	8902
1403	3903	6403	8903
1404	3904	6404	8904
1405	3905	6405	8905
1406	3906	6406	8906
1407	3907	6407	8907
1408	3908	6408	8908
1409	3909	6409	8909
1410	3910	6410	8910
1411	3911	6411	8911
1412	3912	6412	8912
1413	3913	6413	8913
1414	3914	6414	8914
1415	3915	6415	8915
1416	3916	6416	8916
1417	3917	6417	8917
1418	3918	6418	8918
1419	3919	6419	8919
1420	3920	6420	8920
1421	3921	6421	8921
1422	3922	6422	8922
1423	3923	6423	8923
1424	3924	6424	8924
1425	3925	6425	8925
1426	3926	6426	8926
1427	3927	6427	8927
1428	3928	6428	8928
1429	3929	6429	8929
1430	3930	6430	8930
1431	3931	6431	8931
1432	3932	6432	8932
1433	3933	6433	8933
1434	3934	6434	8934
1435	3935	6435	8935
1436	3936	6436	8936
1437	3937	6437	8937
1438	3938	6438	8938
1439	3939	6439	8939
1440	3940	6440	8940
1441	3941	6441	8941
1442	3942	6442	8942
1443	3943	6443	8943
1444	3944	6444	8944
1445	3945	6445	8945
1446	3946	6446	8946
1447	3947	6447	8947
1448	3948	6448	8948
1449	3949	6449	8949
1450	3950	6450	8950
1451	3951	6451	8951
1452	3952	6452	8952
1453	3953	6453	8953
1454	3954	6454	8954
1455	3955	6455	8955
1456	3956	6456	8956
1457	3957	6457	8957
1458	3958	6458	8958
1459	3959	6459	8959
1460	3960	6460	8960
1461	3961	6461	8961
1462	3962	6462	8962
1463	3963	6463	8963
1464	3964	6464	8964
1465	3965	6465	8965
1466	3966	6466	8966
1467	3967	6467	8967
1468	3968	6468	8968
1469	3969	6469	8969
1470	3970	6470	8970
1471	3971	6471	8971
1472	3972	6472	8972
1473	3973	6473	8973
1474	3974	6474	8974
1475	3975	6475	8975
1476	3976	6476	8976
1477	3977	6477	8977
1478	3978	6478	8978
1479	3979	6479	8979
1480	3980	6480	8980
1481	3981	6481	8981
1482	3982	6482	8982
1483	3983	6483	8983
1484	3984	6484	8984
1485	3985	6485	8985
1486	3986	6486	8986
1487	3987	6487	8987
1488	3988	6488	8988
1489	3989	6489	8989
1490	3990	6490	8990
1491	3991	6491	8991
1492	3992	6492	8992
1493	3993	6493	8993
1494	3994	6494	8994
1495	3995	6495	8995
1496	3996	6496	8996
1497	3997	6497	8997
1498	3998	6498	8998
1499	3999	6499	8999
1500	4000	6500	9000
1501	4001	6501	9001
1502	4002	6502	9002
1503	4003	6503	9003
1504	4004	6504	9004
1505	4005	6505	9005
1506	4006	6506	9006
1507	4007	6507	9007
1508	4008	6508	9008
1509	4009	6509	9009
1510	4010	6510	9010
1511	4011	6511	9011
1512	4012	6512	9012
1513	4013	6513	9013
1514	4014	6514	9014
1515	4015	6515	9015
1516	4016	6516	9016
1517	4017	6517	9017
1518	4018	6518	9018
1519	4019	6519	9019
1520	4020	6520	9020
1521	4021	6521	9021
1522	4022	6522	9022
1523	4023	6523	9023
1524	4024	6524	9024
1525	4025	6525	9025
1526	4026	6526	9026
1527	4027	6527	9027
1528	4028	6528	9028
1529	4029	6529	9029
1530	4030	6530	9030
1531	4031	6531	9031
1532	4032	6532	9032
1533	4033	6533	9033
1534	4034	6534	9034
1535	4035	6535	9035
1536	4036	6536	9036
1537	4037	6537	9037
1538	4038	6538	9038
1539	4039	6539	9039
1540	4040	6540	9040
1541	4041	6541	9041
1542	4042	6542	9042
1543	4043	6543	9043
1544	4044	6544	9044
1545	4045	6545	9045
1546	4046	6546	9046
1547	4047	6547	9047
1548	4048	6548	9048
1549	4049	6549	9049
1550	4050	6550	9050
1551	4051	6551	9051
1552	4052	6552	9052
1553	4053	6553	9053
1554	4054	6554	9054
1555	4055	6555	9055
1556	4056	6556	9056
1557	4057	6557	9057
1558	4058	6558	9058
1559	4059	6559	9059
1560	4060	6560	9060
1561	4061	6561	9061
1562	4062	6562	9062
1563	4063	6563	9063
1564	4064	6564	9064
1565	4065	6565	9065
1566	4066	6566	9066
1567	4067	6567	9067
1568	4068	6568	9068
1569	4069	6569	9069
1570	4070	6570	9070
1571	4071	6571	9071
1572	4072	6572	9072
1573	4073	6573	9073
1574	4074	6574	9074
1575	4075	6575	9075
1576	4076	6576	9076
1577	4077	6577	9077
1578	4078	6578	9078
1579	4079	6579	9079
1580	4080	6580	9080
1581	4081	6581	9081
1582	4082	6582	9082
1583	4083	6583	9083
1584	4084	6584	9084
1585	4085	6585	9085
1586	4086	6586	9086
1587	4087	6587	9087
1588	4088	6588	9088
1589	4089	6589	9089
1590	4090	6590	9090
1591	4091	6591	9091
1592	4092	6592	9092
1593	4093	6593	9093
1594	4094	6594	9094
1595	4095	6595	9095
1596	4096	6596	9096
1597	4097	6597	9097
1598	4098	6598	9098
1599	4099	6599	9099
1600	4100	6600	9100
1601	4101	6601	9101
1602	4102	6602	9102
1603	4103	6603	9103
1604	4104	6604	9104
1605	4105	6605	9105
1606	4106	6606	9106
1607	4107	6607	9107
1608	4108	6608	9108
1609	4109	6609	9109
1610	4110	6610	9110
1611	4111	6611	9111
1612	4112	6612	9112
1613	4113	6613	9113
1614	4114	6614	9114
1615	4115	6615	9115
1616	4116	6616	9116
1617	4117	6617	9117
1618	4118	6618	9118
1619	4119	6619	9119
1620	4120	6620	9120
1621	4121	6621	9121
1622	4122	6622	9122
1623	4123	6623	9123
1624	4124	6624	9124
1625	4125	6625	9125
1626	4126	6626	9126
1627	4127	6627	9127
1628	4128	6628	9128
1629	4129	6629	9129
1630	4130	6630	9130
1631	4131	6631	9131
1632	4132	6632	9132
1633	4133	6633	9133
1634	4134	6634	9134
1635	4135	6635	9135
1636	4136	6636	9136
1637	4137	6637	9137
1638	4138	6638	9138
1639	4139	6639	9139
1640	4140	6640	9140
1641	4141	6641	9141
1642	4142	6642	9142
1643	4143	6643	9143
1644	4144	6644	9144
1645	4145	6645	9145
1646	4146	6646	9146
1647	4147	6647	9147
1648	4148	6648	9148
1649	4149	6649	9149
1650	4150	6650	9150
1651	4151	6651	9151
1652	4152	6652	9152
1653	4153	6653	9153
1654	4154	6654	9154
1655	4155	6655	9155
1656	4156	6656	9156
1657	4157	6657	9157
1658	4158	6658	9158
1659	4159	6659	9159
1660	4160	6660	9160
1661	4161	6661	9161
1662	4162	6662	9162
1663	4163	6663	9163
1664	4164	6664	9164
1665	4165	6665	9165
1666	4166	6666	9166
1667	4167	6667	9167
1668	4168	6668	9168
1669	4169	6669	9169
1670	4170	6670	9170
1671	4171	6671	9171
1672	4172	6672	9172
1673	4173	6673	9173
1674	4174	6674	9174
1675	4175	6675	9175
1676	4176	6676	9176
1677	4177	6677	9177
1678	4178	6678	9178
1679	4179	6679	9179
1680	4180	6680	9180
1681	4181	6681	9181
1682	4182	6682	9182
1683	4183	6683	9183
1684	4184	6684	9184
1685	4185	6685	9185
1686	4186	6686	9186
1687	4187	6687	9187
1688	4188	6688	9188
1689	4189	6689	9189
1690	4190	6690	9190
1691	4191	6691	9191
1692	4192	6692	9192
1693	4193	6693	9193
1694	4194	6694	9194
1695	4195	6695	9195
1696	4196	6696	9196
1697	4197	6697	9197
1698	4198	6698	9198
1699	4199	6699	9199
1700	4200	6700	9200
1701	4201	6701	9201
1702	4202	6702	9202
1703	4203	6703	9203
1704	4204	6704	9204
1705	4205	6705	9205
1706	4206	6706	9206
1707	4207	6707	9207
1708	4208	6708	9208
1709	4209	6709	9209
1710	4210	6710	9210
1711	4211	6711	9211
1712	4212	6712	9212
1713	4213	6713	9213
1714	4214	6714	9214
1715	4215	6715	9215
1716	4216	6716	9216
1717	4217	6717	9217
1718	4218	6718	9218
1719	4219	6719	9219
1720	4220	6720	9220
1721	4221	6721	9221
1722	4222	6722	9222
1723	4223	6723	9223
1724	4224	6724	9224
1725	4225	6725	9225
1726	4226	6726	9226
1727	4227	6727	9227
1728	4228	6728	9228
1729	4229	6729	9229
1730	4230	6730	9230
1731	4231	6731	9231
1732	4232	6732	9232
1733	4233	6733	9233
1734	4234	6734	9234
1735	4235	6735	9235
1736	4236	6736	9236
1737	4237	6737	9237
1738	4238	6738	9238
1739	4239	6739	9239
1740	4240	6740	9240
1741	4241	6741	9241
1742	4242	6742	9242
1743	4243	6743	9243
1744	4244	6744	9244
1745	4245	6745	9245
1746	4246	6746	9246
1747	4247	6747	9247
1748	4248	6748	9248
1749	4249	6749	9249
1750	4250	6750	9250
1751	4251	6751	9251
1752	4252	6752	9252
1753	4253	6753	9253
1754	4254	6754	9254
1755	4255	6755	9255
1756	4256	6756	9256
1757	4257	6757	9257
1758	4258	6758	9258
1759	4259	6759	9259
1760	4260	6760	9260
1761	4261	6761	9261
1762	4262	6762	9262
1763	4263	6763	9263
1764	4264	6764	9264
1765	4265	6765	9265
1766	4266	6766	9266
1767	4267	6767	9267
1768	4268	6768	9268
1769	4269	6769	9269
1770	4270	6770	9270
1771	4271	6771	9271
1772	4272	6772	9272
1773	4273	6773	9273
1774	4274	6774	9274
1775	4275	6775	9275
1776	4276	6776	9276
1777	4277	6777	9277
1778	4278	6778	9278
1779	4279	6779	9279
1780	4280	6780	9280
1781	4281	6781	9281
1782	4282	6782	9282
1783	4283	6783	9283
1784	4284	6784	9284
1785	4285	6785	9285
1786	4286	6786	9286
1787	4287	6787	9287
1788	4288	6788	9288
1789	4289	6789	9289
1790	4290	6790	9290
1791	4291	6791	9291
1792	4292	6792	9292
1793	4293	6793	9293
1794	4294	6794	9294
1795	4295	6795	9295
1796	4296	6796	9296
1797	4297	6797	9297
1798	4298	6798	9298
1799	4299	6799	9299
1800	4300	6800	9300
1801	4301	6801	9301
1802	4302	6802	9302
1803	4303	6803	9303
1804	4304	6804	9304
1805	4305	6805	9305
1806	4306	6806	9306
1807	4307	6807	9307
1808	4308	6808	9308
1809	4309	6809	9309
1810	4310	6810	9310
1811	4311	6811	9311
1812	4312	6812	9312
1813	4313	6813	9313
1814	4314	6814	9314
1815	4315	6815	9315
1816	4316	6816	9316
1817	4317	6817	9317
1818	4318	6818	9318
1819	4319	6819	9319
1820	4320	6820	9320
1821	4321	6821	9321
1822	4322	6822	9322
1823	4323	6823	9323
1824	4324	6824	9324
1825	4325	6825	9325
1826	4326	6826	9326
1827	4327	6827	9327
1828	4328	6828	9328
1829	4329	6829	9329
1830	4330	6830	9330
1831	4331	6831	9331
1832	4332	6832	9332
1833	4333	6833	9333
1834	4334	6834	9334
1835	4335	6835	9335
1836	4336	6836	9336
1837	4337	6837	9337
1838	4338	6838	9338
1839	4339	6839	9339
1840	4340	6840	9340
1841	4341	6841	9341
1842	4342	6842	9342
1843	4343	6843	9343
1844	4344	6844	9344
1845	4345	6845	9345
1846	4346	6846	9346
1847	4347	6847	9347
1848	4348	6848	9348
1849	4349	6849	9349
1850	4350	6850	9350
1851	4351	6851	9351
1852	4352	6852	9352
1853	4353	6853	9353
1854	4354	6854	9354
1855	4355	6855	9355
1856	4356	6856	9356
1857	4357	6857	9357
1858	4358	6858	9358
1859	4359	6859	9359
1860	4360	6860	9360
1861	4361	6861	9361
1862	4362	6862	9362
1863	4363	6863	9363
1864	4364	6864	9364
1865	4365	6865	9365
1866	4366	6866	9366
1867	4367	6867	9367
1868	4368	6868	9368
1869	4369	6869	9369
1870	4370	6870	9370
1871	4371	6871	9371
1872	4372	6872	9372
1873	4373	6873	9373
1874	4374	6874	9374
1875	4375	6875	9375
1876	4376	6876	9376
1877	4377	6877	9377
1878	4378	6878	9378
1879	4379	6879	9379
1880	4380	6880	9380
1881	4381	6881	9381
1882	4382	6882	9382
1883	4383	6883	9383
1884	4384	6884	9384
1885	4385	6885	9385
1886	4386	6886	9386
1887	4387	6887	9387
1888	4388	6888	9388
1889	4389	6889	9389
1890	4390	6890	9390
1891	4391	6891	9391
1892	4392	6892	9392
1893	4393	6893	9393
1894	4394	6894	9394
1895	4395	6895	9395
1896	4396	6896	9396
1897	4397	6897	9397
1898	4398	6898	9398
1899	4399	6899	9399
1900	4400	6900	9400
1901	4401	6901	9401
1902	4402	6902	9402
1903	4403	6903	9403
1904	4404	6904	9404
1905	4405	6905	9405
1906	4406	6906	9406
1907	4407	6907	9407
1908	4408	6908	9408
1909	4409	6909	9409
1910	4410	6910	9410
1911	4411	6911	9411
1912	4412	6912	9412
1913	4413	6913	9413
1914	4414	6914	9414
1915	4415	6915	9415
1916	4416	6916	9416
1917	4417	6917	9417
1918	4418	6918	9418
1919	4419	6919	9419
1920	4420	6920	9420
1921	4421	6921	9421
1922	4422	6922	9422
1923	4423	6923	9423
1924	4424	6924	9424
1925	4425	6925	9425
1926	4426	6926	9426
1927	4427	6927	9427
1928	4428	6928	9428
1929	4429	6929	9429
1930	4430	6930	9430
1931	4431	6931	9431
1932	4432	6932	9432
1933	4433	6933	9433
1934	4434	6934	9434
1935	4435	6935	9435
1936	4436	6936	9436
1937	4437	6937	9437
1938	4438	6938	9438
1939	4439	6939	9439
1940	4440	6940	9440
1941	4441	6941	9441
1942	4442	6942	9442
1943	4443	6943	9443
1944	4444	6944	9444
1945	4445	6945	9445
1946	4446	6946	9446
1947	4447	6947	9447
1948	4448	6948	9448
1949	4449	6949	9449
1950	4450	6950	9450
1951	4451	6951	9451
1952	4452	6952	9452
1953	4453	6953	9453
1954	4454	6954	9454
1955	4455	6955	9455
1956	4456	6956	9456
1957	4457	6957	9457
1958	4458	6958	9458
1959	4459	6959	9459
1960	4460	6960	9460
1961	4461	6961	9461
1962	4462	6962	9462
1963	4463	6963	9463
1964	4464	6964	9464
1965	4465	6965	9465
1966	4466	6966	9466
1967	4467	6967	9467
1968	4468	6968	9468
1969	4469	6969	9469
1970	4470	6970	9470
1971	4471	6971	9471
1972	4472	6972	9472
1973	4473	6973	9473
1974	4474	6974	9474
1975	4475	6975	9475
1976	4476	6976	9476
1977	4477	6977	9477
1978	4478	6978	9478
1979	4479	6979	9479
1980	4480	6980	9480
1981	4481	6981	9481
1982	4482	6982	9482
1983	4483	6983	9483
1984	4484	6984	9484
1985	4485	6985	9485
1986	4486	6986	9486
1987	4487	6987	9487
1988	4488	6988	9488
1989	4489	6989	9489
1990	4490	6990	9490
1991	4491	6991	9491
1992	4492	6992	9492
1993	4493	6993	9493
1994	4494	6994	9494
1995	4495	6995	9495
1996	4496	6996	9496
1997	4497	6997	9497
1998	4498	6998	9498
1999	4499	6999	9499
2000	4500	7000	9500
2001	4501	7001	9501
2002	4502	7002	9502
2003	4503	7003	9503
2004	4504	7004	9504
2005	4505	7005	9505
2006	4506	7006	9506
2007	4507	7007	9507
2008	4508	7008	9508
2009	4509	7009	9509
2010	4510	7010	9510
2011	4511	7011	9511
2012	4512	7012	9512
2013	4513	7013	9513
2014	4514	7014	9514
2015	4515	7015	9515
2016	4516	7016	9516
2017	4517	7017	9517
2018	4518	7018	9518
2019	4519	7019	9519
2020	4520	7020	9520
2021	4521	7021	9521
2022	4522	7022	9522
2023	4523	7023	9523
2024	4524	7024	9524
2025	4525	7025	9525
2026	4526	7026	9526
2027	4527	7027	9527
2028	4528	7028	9528
2029	4529	7029	9529
2030	4530	7030	9530
2031	4531	7031	9531
2032	4532	7032	9532
2033	4533	7033	9533
2034	4534	7034	9534
2035	4535	7035	9535
2036	4536	7036	9536
2037	4537	7037	9537
2038	4538	7038	9538
2039	4539	7039	9539
2040	4540	7040	9540
2041	4541	7041	9541
2042	4542	7042	9542
2043	4543	7043	9543
2044	4544	7044	9544
2045	4545	7045	9545
2046	4546	7046	9546
2047	4547	7047	9547
2048	4548	7048	9548
2049	4549	7049	9549
2050	4550	7050	9550
2051	4551	7051	9551
2052	4552	7052	9552
2053	4553	7053	9553
2054	4554	7054	9554
2055	4555	7055	9555
2056	4556	7056	9556
2057	4557	7057	9557
2058	4558	7058	9558
2059	4559	7059	9559
2060	4560	7060	9560
2061	4561	7061	9561
2062	4562	7062	9562
2063	4563	7063	9563
2064	4564	7064	9564
2065	4565	7065	9565
2066	4566	7066	9566
2067	4567	7067	9567
2068	4568	7068	9568
2069	4569	7069	9569
2070	4570	7070	9570
2071	4571	7071	9571
2072	4572	7072	9572
2073	4573	7073	9573
2074	4574	7074	9574
2075	4575	7075	9575
2076	4576	7076	9576
2077	4577	7077	9577
2078	4578	7078	9578
2079	4579	7079	9579
2080	4580	7080	9580
2081	4581	7081	9581
2082	4582	7082	9582
2083	4583	7083	9583
2084	4584	7084	9584
2085	4585	7085	9585
2086	4586	7086	9586
2087	4587	7087	9587
2088	4588	7088	9588
2089	4589	7089	9589
2090	4590	7090	9590
2091	4591	7091	9591
2092	4592	7092	9592
2093	4593	7093	9593
2094	4594	7094	9594
2095	4595	7095	9595
2096	4596	7096	9596
2097	4597	7097	9597
2098	4598	7098	9598
2099	4599	7099	9599
2100	4600	7100	9600
2101	4601	7101	9601
2102	4602	7102	9602
2103	4603	7103	9603
2104	4604	7104	9604
2105	4605	7105	9605
2106	4606	7106	9606
2107	4607	7107	9607
2108	4608	7108	9608
2109	4609	7109	9609
2110	4610	7110	9610
2111	4611	7111	9611
2112	4612	7112	9612
2113	4613	7113	9613
2114	4614	7114	9614
2115	4615	7115	9615
2116	4616	7116	9616
2117	4617	7117	9617
2118	4618	7118	9618
2119	4619	7119	9619
2120	4620	7120	9620
2121	4621	7121	9621
2122	4622	7122	9622
2123	4623	7123	9623
2124	4624	7124	9624
2125	4625	7125	9625
2126	4626	7126	9626
2127	4627	7127	9627
2128	4628	7128	9628
2129	4629	7129	9629
2130	4630	7130	9630
2131	4631	7131	9631
2132	4632	7132	9632
2133	4633	7133	9633
2134	4634	7134	9634
2135	4635	7135	9635
2136	4636	7136	9636
2137	4637	7137	9637
2138	4638	7138	9638
2139	4639	7139	9639
2140	4640	7140	9640
2141	4641	7141	9641
2142	4642	7142	9642
2143	4643	7143	9643
2144	4644	7144	9644
2145	4645	7145	9645
2146	4646	7146	9646
2147	4647	7147	9647
2148	4648	7148	9648
2149	4649	7149	9649
2150	4650	7150	9650
2151	4651	7151	9651
2152	4652	7152	9652
2153	4653	7153	9653
2154	4654	7154	9654
2155	4655	7155	9655
2156	4656	7156	9656
2157	4657	7157	9657
2158	4658	7158	9658
2159	4659	7159	9659
2160	4660	7160	9660
2161	4661	7161	9661
2162	4662	7162	9662
2163	4663	7163	9663
2164	4664	7164	9664
2165	4665	7165	9665
2166	4666	7166	9666
2167	4667	7167	9667
2168	4668	7168	9668
2169	4669	7169	9669
2170	4670	7170	9670
2171	4671	7171	9671
2172	4672	7172	9672
2173	4673	7173	9673
2174	4674	7174	9674
2175	4675	7175	9675
2176	4676	7176	9676
2177	4677	7177	9677
2178	4678	7178	9678
2179	4679	7179	9679
2180	4680	7180	9680
2181	4681	7181	9681
2182	4682	7182	9682
2183	4683	7183	9683
2184	4684	7184	9684
2185	4685	7185	9685
2186	4686	7186	9686
2187	4687	7187	9687
2188	4688	7188	9688
2189	4689	7189	9689
2190	4690	7190	9690
2191	4691	7191	9691
2192	4692	7192	9692
2193	4693	7193	9693
2194	4694	7194	9694
2195	4695	7195	9695
2196	4696	7196	9696
2197	4697	7197	9697
2198	4698	7198	9698
2199	4699	7199	9699
2200	4700	7200	9700
2201	4701	7201	9701
2202	4702	7202	9702
2203	4703	7203	9703
2204	4704	7204	9704
2205	4705	7205	9705
2206	4706	7206	9706
2207	4707	7207	9707
2208	4708	7208	9708
2209	4709	7209	9709
2210	4710	7210	9710
2211	4711	7211	9711
2212	4712	7212	9712
2213	4713	7213	9713
2214	4714	7214	9714
2215	4715	7215	9715
2216	4716	7216	9716
2217	4717	7217	9717
2218	4718	7218	9718
2219	4719	7219	9719
2220	4720	7220	9720
2221	4721	7221	9721
2222	4722	7222	9722
2223	4723	7223	9723
2224	4724	7224	9724
2225	4725	7225	9725
2226	4726	7226	9726
2227	4727	7227	9727
2228	4728	7228	9728
2229	4729	7229	9729
2230	4730	7230	9730
2231	4731	7231	9731
2232	4732	7232	9732
2233	4733	7233	9733
2234	4734	7234	9734
2235	4735	7235	9735
2236	4736	7236	9736
2237	4737	7237	9737
2238	4738	7238	9738
2239	4739	7239	9739
2240	4740	7240	9740
2241	4741	7241	9741
2242	4742	7242	9742
2243	4743	7243	9743
2244	4744	7244	9744
2245	4745	7245	9745
2246	4746	7246	9746
2247	4747	7247	9747
2248	4748	7248	9748
2249	4749	7249	9749
2250	4750	7250	9750
2251	4751	7251	9751
2252	4752	7252	9752
2253	4753	7253	9753
2254	4754	7254	9754
2255	4755	7255	9755
2256	4756	7256	9756
2257	4757	7257	9757
2258	4758	7258	9758
2259	4759	7259	9759
2260	4760	7260	9760
2261	4761	7261	9761
2262	4762	7262	9762
2263	4763	7263	9763
2264	4764	7264	9764
2265	4765	7265	9765
2266	4766	7266	9766
2267	4767	7267	9767
2268	4768	7268	9768
2269	4769	7269	9769
2270	4770	7270	9770
2271	4771	7271	9771
2272	4772	7272	9772
2273	4773	7273	9773
2274	4774	7274	9774
2275	4775	7275	9775
2276	4776	7276	9776
2277	4777	7277	9777
2278	4778	7278	9778
2279	4779	7279	9779
2280	4780	7280	9780
2281	4781	7281	9781
2282	4782	7282	9782
2283	4783	7283	9783
2284	4784	7284	9784
2285	4785	7285	9785
2286	4786	7286	9786
2287	4787	7287	9787
2288	4788	7288	9788
2289	4789	7289	9789
2290	4790	7290	9790
2291	4791	7291	9791
2292	4792	7292	9792
2293	4793	7293	9793
2294	4794	7294	9794
2295	4795	7295	9795
2296	4796	7296	9796
2297	4797	7297	9797
2298	4798	7298	9798
2299	4799	7299	9799
2300	4800	7300	9800
2301	4801	7301	9801
2302	4802	7302	9802
2303	4803	7303	9803
2304	4804	7304	9804
2305	4805	7305	9805
2306	4806	7306	9806
2307	4807	7307	9807
2308	4808	7308	9808
2309	4809	7309	9809
2310	4810	7310	9810
2311	4811	7311	9811
2312	4812	7312	9812
2313	4813	7313	9813
2314	4814	7314	9814
2315	4815	7315	9815
2316	4816	7316	9816
2317	4817	7317	9817
2318	4818	7318	9818
2319	4819	7319	9819
2320	4820	7320	9820
2321	4821	7321	9821
2322	4822	7322	9822
2323	4823	7323	9823
2324	4824	7324	9824
2325	4825	7325	9825
2326	4826	7326	9826
2327	4827	7327	9827
2328	4828	7328	9828
2329	4829	7329	9829
2330	4830	7330	9830
2331	4831	7331	9831
2332	4832	7332	9832
2333	4833	7333	9833
2334	4834	7334	9834
2335	4835	7335	9835
2336	4836	7336	9836
2337	4837	7337	9837
2338	4838	7338	9838
2339	4839	7339	9839
2340	4840	7340	9840
2341	4841	7341	9841
2342	4842	7342	9842
2343	4843	7343	9843
2344	4844	7344	9844
2345	4845	7345	9845
2346	4846	7346	9846
2347	4847	7347	9847
2348	4848	7348	9848
2349	4849	7349	9849
2350	4850	7350	9850
2351	4851	7351	9851
2352	4852	7352	9852
2353	4853	7353	9853
2354	4854	7354	9854
2355	4855	7355	9855
2356	4856	7356	9856
2357	4857	7357	9857
2358	4858	7358	9858
2359	4859	7359	9859
2360	4860	7360	9860
2361	4861	7361	9861
2362	4862	7362	9862
2363	4863	7363	9863
2364	4864	7364	9864
2365	4865	7365	9865
2366	4866	7366	9866
2367	4867	7367	9867
2368	4868	7368	9868
2369	4869	7369	9869
2370	4870	7370	9870
2371	4871	7371	9871
2372	4872	7372	9872
2373	4873	7373	9873
2374	4874	7374	9874
2375	4875	7375	9875
2376	4876	7376	9876
2377	4877	7377	9877
2378	4878	7378	9878
2379	4879	7379	9879
2380	4880	7380	9880
2381	4881	7381	9881
2382	4882	7382	9882
2383	4883	7383	9883
2384	4884	7384	9884
2385	4885	7385	9885
2386	4886	7386	9886
2387	4887	7387	9887
2388	4888	7388	9888
2389	4889	7389	9889
2390	4890	7390	9890
2391	4891	7391	9891
2392	4892	7392	9892
2393	4893	7393	9893
2394	4894	7394	9894
2395	4895	7395	9895
2396	4896	7396	9896
2397	4897	7397	9897
2398	4898	7398	9898
2399	4899	7399	9899
2400	4900	7400	9900
2401	4901	7401	9901
2402	4902	7402	9902
2403	4903	7403	9903
2404	4904	7404	9904
2405	4905	7405	9905
2406	4906	7406	9906
2407	4907	7407	9907
2408	4908	7408	9908
2409	4909	7409	9909
2410	4910	7410	9910
2411	4911	7411	9911
2412	4912	7412	9912
2413	4913	7413	9913
2414	4914	7414	9914
2415	4915	7415	9915
2416	4916	7416	9916
2417	4917	7417	9917
2418	4918	7418	9918
2419	4919	7419	9919
2420	4920	7420	9920
2421	4921	7421	9921
2422	4922	7422	9922
2423	4923	7423	9923
2424	4924	7424	9924
2425	4925	7425	9925
2426	4926	7426	9926
2427	4927	7427	9927
2428	4928	7428	9928
2429	4929	7429	9929
2430	4930	7430	9930
2431	4931	7431	9931
2432	4932	7432	9932
2433	4933	7433	9933
2434	4934	7434	9934
2435	4935	7435	9935
2436	4936	7436	9936
2437	4937	7437	9937
2438	4938	7438	9938
2439	4939	7439	9939
2440	4940	7440	9940
2441	4941	7441	9941
2442	4942	7442	9942
2443	4943	7443	9943
2444	4944	7444	9944
2445	4945	7445	9945
2446	4946	7446	9946
2447	4947	7447	9947
2448	4948	7448	9948
2449	4949	7449	9949
2450	4950	7450	9950
2451	4951	7451	9951
2452	4952	7452	9952
2453	4953	7453	9953
2454	4954	7454	9954
2455	4955	7455	9955
2456	4956	7456	9956
2457	4957	7457	9957
2458	4958	7458	9958
2459	4959	7459	9959
2460	4960	7460	9960
2461	4961	7461	9961
2462	4962	7462	9962
2463	4963	7463	9963
2464	4964	7464	9964
2465	4965	7465	9965
2466	4966	7466	9966
2467	4967	7467	9967
2468	4968	7468	9968
2469	4969	7469	9969
2470	4970	7470	9970
2471	4971	7471	9971
2472	4972	7472	9972
2473	4973	7473	9973
2474	4974	7474	9974
2475	4975	7475	9975
2476	4976	7476	9976
2477	4977	7477	9977
2478	4978	7478	9978
2479	4979	7479	9979
2480	4980	7480	9980
2481	4981	7481	9981
2482	4982	7482	9982
2483	4983	7483	9983
2484	4984	7484	9984
2485	4985	7485	9985
2486	4986	7486	9986
2487	4987	7487	9987
2488	4988	7488	9988
2489	4989	7489	9989
2490	4990	7490	9990
2491	4991	7491	9991
2492	4992	7492	9992
2493	4993	7493	9993
2494	4994	7494	9994
2495	4995	7495	9995
2496	4996	7496	9996
2497	4997	7497	9997
2498	4998	7498	9998
2499	4999	7499	9999
2500	5000	7500	10000
