60
1	61	121	181	241
2	62	122	182	242
3	63	123	183	243
4	64	124	184	244
5	65	125	185	245
6	66	126	186	246
7	67	127	187	247
8	68	128	188	248
9	69	129	189	249
10	70	130	190	250
11	71	131	191	251
12	72	132	192	252
13	73	133	193	253
14	74	134	194	254
15	75	135	195	255
16	76	136	196	256
17	77	137	197	257
18	78	138	198	258
19	79	139	199	259
20	80	140	200	260
21	81	141	201	261
22	82	142	202	262
23	83	143	203	263
24	84	144	204	264
25	85	145	205	265
26	86	146	206	266
27	87	147	207	267
28	88	148	208	268
29	89	149	209	269
30	90	150	210	270
31	91	151	211	271
32	92	152	212	272
33	93	153	213	273
34	94	154	214	274
35	95	155	215	275
36	96	156	216	276
37	97	157	217	277
38	98	158	218	278
39	99	159	219	279
40	100	160	220	280
41	101	161	221	281
42	102	162	222	282
43	103	163	223	283
44	104	164	224	284
45	105	165	225	285
46	106	166	226	286
47	107	167	227	287
48	108	168	228	288
49	109	169	229	289
50	110	170	230	290
51	111	171	231	291
52	112	172	232	292
53	113	173	233	293
54	114	174	234	294
55	115	175	235	295
56	116	176	236	296
57	117	177	237	297
58	118	178	238	298
59	119	179	239	299
60	120	180	240	300
5 3 13 3 6 3 2 1
1 1 7 3 14 3 8 3 3 1
2 1 8 3 9 3 15 3 10 3 4 1
3 1 11 3 16 3 12 3
1 0 17 3 18 3 19 3 20 3 13 1
1 0 7 1 26 3 25 3 13 3
6 1 2 0 27 3 28 3 29 3
2 0 3 0 14 1 36 3 35 3 34 3
3 0 37 3 38 3
3 0 43 3 44 3 45 3
4 0 46 3 47 3 48 3
4 0 55 3 56 3 57 3 58 3 59 3 60 3
1 0 6 0 5 1 21 3 22 3 23 3 24 3
2 0 8 1 30 3 31 3 32 3 33 3
3 0 16 1 39 3 40 3 41 3 42 3
4 0 15 1 49 3 50 3 51 3 52 3 53 3 54 3
5 0 18 1
17 1 5 0
5 0
5 0
13 0
13 0 23 1
13 0 22 1
13 0
6 0
6 0
7 0
7 0
7 0
14 0
14 0
14 0
14 0
8 0
8 0
8 0
9 0
9 0
15 0 40 1
15 0
15 0
15 0
10 0
10 0 45 1
10 0 44 1
11 0
11 0
11 0
16 0
16 0
16 0
16 0 53 1
16 0 52 1
16 0
12 0
12 0
12 0
12 0
12 0
12 0